adventureTitle: .word 124, 49, 0
.byte 255,255,255,255,255,255,255,255,255,255,255,255,255,255,255,255,255,0,0,0,255,255,255,255,255,255,255,255,255,255,255,255,255,255,255,255,255,255,255,255,255,255,255,255,255,255,255,255,255,255,255,255,255,255,255,255,255,255,255,255,255,255,255,255,255,255,255,255,255,255,255,255,255,255,255,255,255,255,255,255,255,255,255,255,255,255,255,255,255,255,255,255,255,255,255,255,255,255,255,255,255,255,255,255,255,255,255,255,255,255,255,255,255,255,255,255,255,255,255,255,255,255,255,255,
255,255,255,255,255,255,255,255,255,255,255,255,255,255,255,0,0,207,207,207,0,255,255,255,255,255,255,255,255,255,255,255,255,255,255,255,255,255,255,255,255,255,255,255,255,255,255,255,255,255,255,255,255,255,255,255,255,255,255,255,255,255,255,255,255,255,255,255,255,255,255,255,255,255,255,255,255,255,255,255,255,255,255,255,255,255,255,255,255,255,255,255,255,255,255,255,255,255,255,255,255,255,255,255,255,255,0,0,0,255,255,255,255,255,255,255,255,255,255,255,255,255,255,255,
255,255,255,255,0,0,0,255,255,255,255,255,255,0,0,207,207,207,207,207,207,0,255,255,255,255,255,255,255,255,255,255,255,255,255,255,255,255,255,255,255,255,255,255,255,255,255,255,255,255,255,255,255,255,255,255,255,255,255,255,255,255,255,255,255,255,255,255,255,255,255,255,255,255,255,255,255,255,255,255,255,255,255,255,255,255,255,255,255,255,255,255,255,255,255,255,255,255,255,255,255,255,255,255,255,0,0,198,198,0,0,255,255,255,255,255,255,255,255,255,255,255,255,255,
255,255,255,0,207,207,207,0,255,255,255,0,0,207,207,207,207,207,207,207,207,0,255,255,255,255,255,255,255,255,255,255,255,255,255,255,255,255,255,255,255,255,255,255,255,255,255,255,255,255,255,255,255,255,255,255,255,255,255,255,255,255,255,255,255,255,255,255,255,255,255,255,255,255,255,255,255,255,255,255,255,255,255,255,255,255,255,255,255,255,255,255,255,255,255,255,255,255,255,255,255,255,255,255,0,207,207,207,207,198,0,0,255,255,255,255,255,255,255,255,255,255,255,255,
255,255,0,207,207,207,207,207,0,0,0,207,207,207,207,207,207,207,207,207,207,0,255,255,255,255,255,255,255,255,255,255,255,255,255,255,255,255,255,255,255,255,255,255,255,255,255,255,255,255,255,255,255,255,255,255,255,255,255,255,255,255,255,255,255,255,255,255,255,255,255,255,255,255,255,255,255,255,255,255,255,255,255,255,255,255,255,255,255,255,255,255,255,255,255,255,255,255,255,255,255,255,255,0,207,207,207,207,207,198,0,0,255,255,255,255,255,255,255,255,255,255,255,255,
255,255,0,207,207,207,207,207,207,207,207,207,207,207,207,207,207,207,207,207,207,0,255,255,255,255,255,255,255,255,255,255,255,255,255,255,255,255,255,255,255,255,255,255,255,255,255,255,255,255,255,255,255,255,255,255,255,255,255,255,255,255,255,255,255,255,255,255,255,255,255,255,255,255,255,255,255,255,255,255,255,255,255,255,255,255,255,255,255,255,255,255,255,255,255,255,255,255,255,255,255,255,0,207,207,207,207,207,207,0,0,0,255,255,255,255,255,255,255,255,255,255,255,255,
255,255,255,0,207,207,207,207,207,207,207,207,207,207,207,207,207,207,207,207,198,0,0,0,0,255,255,255,255,255,255,255,255,255,255,255,255,255,255,255,255,255,255,255,255,255,255,255,255,255,255,255,255,255,255,255,255,255,255,255,255,255,255,255,255,255,255,255,255,255,255,255,255,255,255,255,255,255,255,255,255,255,255,255,255,255,255,255,255,255,255,255,255,255,255,255,255,255,255,255,255,0,207,207,207,207,207,207,0,0,0,255,255,255,255,255,255,255,255,255,255,255,255,255,
255,255,255,0,207,207,207,207,207,207,207,207,207,207,0,207,207,207,207,207,0,0,207,207,207,0,255,255,255,255,255,255,255,255,255,255,255,255,255,255,255,255,255,255,255,255,255,255,255,255,255,255,255,255,255,255,255,255,255,255,255,255,255,255,255,255,255,255,255,255,255,255,255,255,255,255,255,255,255,255,255,255,255,255,255,255,255,255,255,255,255,255,255,255,255,255,255,255,255,255,255,0,207,207,207,207,207,0,0,0,255,255,255,255,255,255,255,255,255,255,255,255,255,255,
255,0,0,207,207,207,207,207,207,207,207,207,0,0,207,207,207,207,207,0,0,207,207,207,207,207,0,255,255,255,255,255,255,255,255,255,255,255,255,255,255,255,255,255,255,255,255,255,255,255,255,255,255,255,255,255,255,255,255,255,255,255,255,255,255,255,255,255,255,255,255,255,255,255,255,255,255,255,255,255,255,255,255,255,255,255,255,255,255,255,255,255,255,255,255,255,255,255,255,255,255,0,207,207,207,207,207,207,0,0,0,255,255,255,255,255,255,255,255,255,255,255,255,255,
0,207,207,207,207,207,207,207,207,207,207,0,0,207,207,207,207,207,207,0,0,207,207,207,207,207,207,0,255,255,255,255,255,255,255,255,255,255,255,255,255,255,255,255,255,255,255,255,255,255,255,255,255,255,255,255,255,255,255,255,255,255,255,255,255,255,255,255,255,255,255,255,255,255,255,255,255,255,255,255,255,255,255,255,255,255,255,255,255,255,255,255,255,255,255,255,0,0,0,0,0,0,0,207,207,207,207,207,207,0,0,0,0,0,0,0,255,255,255,255,255,255,255,255,
0,207,207,207,207,207,207,207,207,207,207,207,0,207,207,207,207,207,0,0,0,198,207,207,207,207,207,207,0,255,255,255,255,255,255,255,255,255,255,255,255,255,255,255,255,255,255,255,255,255,255,255,255,255,255,255,255,255,255,255,255,255,255,255,255,255,255,255,255,255,255,255,255,255,255,255,255,255,255,255,255,255,255,255,255,255,255,255,255,255,255,255,255,255,0,0,207,207,207,207,207,0,0,0,207,207,207,207,207,207,0,207,207,207,0,0,0,255,255,255,255,255,255,255,
0,207,207,207,207,207,0,207,207,207,207,207,207,207,207,207,207,207,0,0,255,0,207,207,207,207,207,207,198,0,255,255,255,255,255,255,255,255,255,255,255,255,255,255,255,255,255,255,255,255,255,255,255,255,255,255,255,255,255,255,255,255,255,255,255,255,255,255,255,255,255,255,255,255,255,255,255,255,255,255,255,255,255,255,255,255,255,255,255,255,255,255,255,0,207,207,207,207,207,207,207,207,207,0,0,207,207,207,207,207,207,207,207,207,207,0,0,255,255,255,255,255,255,255,
0,0,207,207,207,0,0,0,207,207,207,207,207,207,207,207,207,0,0,255,0,207,207,207,207,207,207,207,207,0,255,255,255,255,255,255,255,255,255,255,255,255,255,255,255,255,255,255,255,255,255,255,255,255,255,255,255,255,255,255,255,255,255,255,255,255,255,255,255,255,255,255,255,255,255,255,255,255,255,255,255,255,255,255,255,255,255,255,255,255,255,0,0,207,207,207,207,207,207,207,207,207,207,198,0,0,207,207,207,207,207,207,207,207,198,0,0,255,255,255,255,255,255,255,
0,0,0,0,0,0,0,0,0,207,207,207,207,207,207,207,0,0,0,255,0,207,207,207,207,207,207,207,207,207,0,255,255,255,255,255,255,255,255,255,255,255,255,255,255,255,255,255,255,255,255,255,255,255,255,255,255,255,255,255,255,255,255,255,255,255,255,255,255,255,255,255,255,255,255,255,255,255,255,255,255,255,255,255,255,255,255,255,255,255,0,207,207,207,207,207,207,207,207,207,207,207,207,207,0,0,0,207,207,207,207,207,207,207,0,0,0,255,255,255,255,255,255,255,
255,0,0,0,0,0,255,255,0,207,207,207,207,207,207,198,0,0,255,0,207,207,207,207,207,207,207,207,207,207,0,255,255,255,255,255,255,255,255,255,255,255,255,255,255,255,255,255,255,255,255,255,255,255,255,255,255,255,255,255,255,255,255,255,255,255,255,255,255,255,255,255,255,255,255,255,255,255,255,255,255,255,255,255,255,255,255,255,255,0,207,207,207,207,207,207,207,207,207,207,207,207,207,207,0,0,207,207,207,207,207,207,207,0,0,0,255,0,0,0,0,0,255,255,
255,255,0,0,0,255,255,0,207,207,207,207,207,207,207,0,0,255,0,198,207,207,207,207,207,0,207,207,207,207,0,255,255,255,255,255,255,255,255,255,255,255,255,255,255,255,255,255,255,255,255,255,255,255,255,255,255,255,255,255,255,255,255,255,255,255,255,255,255,255,255,255,255,255,255,255,255,255,255,255,255,255,255,255,255,255,255,255,255,0,207,207,207,207,207,207,207,0,0,207,207,207,207,207,0,198,207,207,207,207,207,207,207,207,0,0,0,198,207,207,0,0,0,255,
255,255,255,255,255,255,0,207,207,207,207,207,207,207,0,0,0,255,0,207,207,207,207,207,0,0,0,207,207,207,207,0,255,0,0,255,255,255,255,255,255,255,255,255,255,255,255,255,255,255,255,255,255,255,255,255,255,255,255,255,255,255,255,255,255,255,255,255,255,255,255,255,255,255,255,255,255,255,255,255,255,255,255,255,255,255,255,255,255,0,207,207,207,207,207,207,207,0,0,207,207,207,207,207,0,198,207,207,207,207,207,207,207,207,207,0,207,207,207,207,207,0,0,0,
255,255,255,255,255,255,0,207,207,207,207,207,207,0,0,0,255,0,207,207,207,207,207,207,0,0,0,207,207,207,207,0,0,207,207,0,255,255,255,255,255,255,255,255,255,255,255,255,255,255,255,255,255,255,255,255,255,255,255,255,255,255,255,255,255,255,255,255,255,255,255,255,255,255,255,255,255,255,255,255,255,255,255,255,255,255,0,0,0,0,0,207,207,207,207,207,207,207,0,207,207,207,207,207,0,0,207,207,207,207,207,207,207,207,207,207,207,207,207,207,207,0,0,0,
255,255,255,255,255,255,0,207,207,207,207,207,198,0,0,255,0,198,207,207,207,207,207,0,0,0,0,207,207,207,207,0,207,207,207,207,0,255,255,255,255,255,255,255,255,255,255,255,255,255,255,255,255,255,255,255,255,255,255,255,255,255,255,255,255,255,255,255,255,255,255,255,255,255,255,255,255,255,255,255,255,255,255,255,255,0,207,207,207,0,0,0,0,207,207,207,207,207,207,207,207,207,207,207,0,0,0,198,198,0,0,207,207,207,207,207,207,207,207,207,207,0,0,0,
255,255,255,255,255,255,0,207,207,207,207,207,0,0,255,255,0,207,207,207,207,207,0,0,0,255,0,207,207,207,207,0,207,207,207,207,0,255,255,255,255,255,255,255,255,255,255,255,255,255,255,255,255,255,255,255,255,255,255,255,255,255,255,255,255,255,255,255,255,255,255,255,255,255,255,255,255,255,255,255,255,255,255,255,0,198,207,207,207,207,0,0,255,0,207,207,207,207,207,207,207,207,207,207,207,0,0,0,0,255,255,0,207,207,207,207,207,207,207,207,0,0,0,255,
255,255,255,255,255,255,0,0,207,207,207,0,0,0,255,0,207,207,207,207,207,207,0,0,255,255,0,207,207,207,198,0,207,207,207,207,0,0,255,255,0,0,0,255,255,255,255,255,255,255,255,255,255,255,255,255,255,255,255,255,255,255,255,255,255,255,255,255,255,255,255,255,255,255,255,0,0,0,255,255,0,0,0,0,0,198,207,207,207,207,207,0,255,0,207,207,207,207,207,207,207,207,207,207,207,207,0,0,255,255,255,255,0,207,207,207,207,207,207,0,0,0,255,255,
255,255,255,255,255,255,0,0,0,0,0,0,0,255,0,207,207,207,207,207,207,0,0,0,255,0,207,207,207,207,0,0,207,207,207,207,0,0,255,0,207,207,207,0,255,255,255,255,255,255,255,255,255,255,255,255,255,255,255,255,255,255,255,255,255,255,255,255,255,255,255,0,0,0,0,207,207,207,0,0,0,207,207,198,0,0,207,207,207,207,207,0,0,255,0,207,207,207,207,207,207,207,207,207,207,207,207,0,0,0,255,255,255,0,207,207,207,207,0,0,0,255,255,255,
255,255,255,255,255,255,255,0,0,0,0,0,255,255,0,207,207,207,207,207,207,0,0,255,255,0,207,207,207,207,0,198,207,207,207,207,0,0,0,207,207,207,207,207,0,0,0,0,0,255,255,255,255,255,255,0,0,255,255,255,255,255,255,0,0,255,255,255,0,0,0,207,207,207,207,207,207,207,207,0,207,207,207,207,0,0,207,207,207,207,207,0,0,255,0,207,207,207,207,207,207,207,207,207,207,207,207,207,198,0,0,255,255,255,0,207,207,0,0,0,255,255,255,255,
255,255,255,255,255,255,255,255,0,0,0,255,255,0,207,207,207,207,207,207,0,0,0,0,0,207,207,207,207,207,0,207,207,207,207,0,0,0,0,207,207,207,207,207,0,207,207,207,207,0,0,0,255,255,0,207,207,0,255,255,255,255,0,207,207,0,255,0,207,207,207,207,207,207,207,207,207,207,207,0,207,207,207,207,198,0,198,207,207,207,207,207,0,255,255,0,207,207,207,207,207,0,207,207,207,207,207,207,207,207,0,0,255,255,255,0,0,0,0,255,255,255,255,255,
255,255,255,255,255,255,255,255,255,255,255,255,255,0,207,207,207,207,207,207,0,0,0,198,207,207,207,207,207,0,0,207,207,207,207,0,0,0,207,207,207,207,207,207,0,207,207,207,207,207,207,207,0,0,207,207,207,207,0,255,255,0,207,207,207,207,0,207,207,207,207,207,207,207,207,207,207,207,207,0,207,207,207,207,207,0,0,207,207,207,207,207,0,0,255,0,207,207,207,207,207,207,0,198,207,207,207,207,207,207,207,0,0,255,255,255,255,255,255,255,255,255,255,255,
255,255,255,255,255,255,255,255,255,255,255,255,255,0,207,207,207,207,207,207,207,207,207,207,207,207,207,207,207,0,0,207,207,207,207,0,0,0,207,207,207,207,207,0,0,207,207,207,207,207,207,207,0,0,207,207,207,207,0,255,255,0,207,207,207,207,0,207,207,207,207,207,207,207,207,207,207,0,0,0,207,207,207,207,207,0,0,198,207,207,207,207,0,0,255,255,0,207,207,207,207,207,0,0,0,207,207,207,207,207,207,0,0,255,255,255,255,255,255,255,255,255,255,255,
255,255,255,255,255,255,255,255,255,255,255,255,255,0,207,207,207,207,207,207,207,207,207,207,207,207,207,207,0,0,0,207,207,207,207,0,0,207,207,207,207,207,198,0,207,207,207,207,207,207,207,207,0,0,207,207,207,207,207,0,255,0,207,207,207,207,0,207,207,207,207,207,207,207,207,207,0,0,0,0,0,207,207,207,207,207,0,0,207,207,207,207,207,0,255,255,0,207,207,207,207,207,207,0,0,0,207,207,207,207,207,0,0,0,255,255,255,255,255,255,255,255,255,255,
255,255,255,255,255,255,255,255,255,255,255,255,255,255,0,207,207,207,207,207,207,207,207,207,207,207,207,0,0,0,0,207,207,207,207,0,207,207,207,207,207,207,0,0,207,207,207,207,207,207,207,0,0,0,207,207,207,207,207,0,255,0,207,207,207,207,0,0,207,207,207,0,207,207,207,207,0,0,0,255,0,207,207,207,207,207,0,0,207,207,207,207,207,0,0,255,255,0,207,207,207,207,207,0,0,255,0,0,207,207,0,0,0,0,255,255,255,255,255,255,255,255,255,255,
255,255,255,255,255,255,255,255,255,255,255,255,255,255,0,0,207,207,207,207,207,207,207,207,207,198,0,0,0,255,0,207,207,207,207,207,207,207,207,207,207,0,0,0,207,207,207,207,198,0,0,0,0,0,207,207,207,207,207,207,0,0,207,207,207,207,0,0,0,0,0,0,207,207,207,207,0,0,255,255,0,207,207,207,207,207,0,0,207,207,207,207,207,0,0,255,255,0,207,207,207,207,207,207,0,0,255,255,0,0,0,0,0,255,255,255,255,255,255,255,255,255,255,255,
255,255,255,255,255,255,255,255,255,255,255,255,255,255,0,0,0,0,198,207,207,207,207,198,0,0,0,0,255,255,0,207,207,207,207,207,207,207,207,207,0,0,0,0,207,207,207,207,0,0,0,0,255,0,207,207,207,207,207,207,0,0,207,207,207,207,0,0,255,0,0,0,207,207,207,207,198,0,255,255,255,0,207,207,207,207,207,0,0,207,207,207,207,207,0,255,255,255,0,207,207,207,207,207,0,0,255,255,255,255,0,0,255,255,255,255,255,255,255,255,255,255,255,255,
255,255,255,255,255,255,255,255,255,255,255,255,255,255,255,0,0,0,0,0,0,0,0,0,0,0,0,255,255,255,0,207,207,207,207,207,207,207,207,198,0,0,207,207,207,207,207,207,0,0,0,255,255,0,207,207,207,207,207,207,207,0,207,207,207,207,0,0,255,255,255,0,207,207,207,207,207,0,255,255,255,0,207,207,207,207,207,0,0,207,207,207,207,207,0,0,255,255,0,207,207,207,207,207,198,0,0,255,255,255,255,255,255,255,255,255,255,255,255,255,255,255,255,255,
255,255,255,255,255,255,255,255,255,255,255,255,255,255,255,255,0,0,0,0,0,0,0,0,0,0,255,255,255,0,198,207,207,207,207,207,207,207,207,0,0,207,207,207,207,207,207,198,0,0,255,255,255,0,207,207,207,207,207,207,207,0,207,207,207,207,0,0,255,255,255,0,198,207,207,207,207,0,255,255,255,0,207,207,207,207,207,0,0,0,207,207,207,207,0,0,255,255,255,0,207,207,207,207,198,0,0,255,255,255,255,255,255,255,255,255,255,255,255,255,255,255,255,255,
255,255,255,255,255,255,255,255,255,255,255,255,255,255,255,255,255,255,0,0,0,0,0,0,255,255,255,255,255,0,207,207,207,207,207,207,207,207,0,0,0,207,207,207,207,207,207,207,207,198,0,255,255,0,207,207,207,207,207,207,207,207,207,207,207,207,0,0,255,255,255,255,0,207,207,207,207,0,0,255,255,255,0,207,207,207,207,207,0,0,207,207,207,207,207,0,255,255,255,0,0,207,207,198,0,0,0,255,255,255,255,255,255,255,255,255,255,255,255,255,255,255,255,255,
255,255,255,255,255,255,255,255,255,255,255,255,255,255,255,255,255,255,255,255,255,255,255,255,255,255,255,255,255,0,207,207,207,207,207,207,207,0,0,0,0,207,207,207,207,207,207,207,207,207,0,255,255,0,207,207,207,207,207,207,207,207,207,207,207,207,0,0,255,255,255,255,0,207,207,207,207,0,0,255,255,255,0,207,207,207,207,207,0,0,207,207,207,207,207,0,0,255,255,255,255,0,0,0,0,0,0,255,255,255,255,255,255,255,255,255,255,255,255,255,255,255,255,255,
255,255,255,255,255,255,255,255,255,255,255,255,255,255,255,255,255,255,255,255,255,255,255,255,255,255,255,255,255,0,207,207,207,207,207,207,198,0,0,255,255,0,198,207,207,207,207,207,207,207,0,255,255,0,207,207,207,207,207,207,207,207,207,207,207,207,0,0,255,255,255,255,0,207,207,207,207,198,0,255,255,255,0,207,207,207,207,207,207,198,207,207,207,207,207,0,0,255,255,255,255,255,255,0,0,0,255,255,255,255,255,255,255,255,255,255,255,255,255,255,255,255,255,255,
255,255,255,255,255,255,255,255,255,255,255,255,255,255,255,255,255,255,255,255,255,255,255,255,255,255,255,255,255,0,207,207,207,207,207,207,0,0,255,255,255,255,0,207,207,207,207,207,207,198,0,255,255,0,207,207,207,207,207,207,207,207,207,207,207,207,0,0,255,255,255,255,0,207,207,207,207,207,0,255,255,255,255,0,207,207,207,207,207,207,207,207,207,207,207,0,0,255,255,255,255,255,255,255,255,255,255,255,255,255,255,255,255,255,255,255,255,255,255,255,255,255,255,255,
255,255,255,255,255,255,255,255,255,255,255,255,255,255,255,255,255,255,255,255,255,255,255,255,255,255,255,255,255,0,207,207,207,207,207,0,0,0,255,255,255,0,207,207,207,207,207,0,0,0,0,255,255,0,207,207,207,207,207,207,207,207,207,207,207,207,0,0,255,255,255,255,0,198,207,207,207,207,0,255,255,255,255,0,207,207,207,207,207,207,207,207,207,207,207,0,0,255,255,255,255,255,255,255,255,255,255,255,255,255,255,255,255,255,255,255,255,255,255,255,255,255,255,255,
255,255,255,255,255,255,255,255,255,255,255,255,255,255,255,255,255,255,255,255,255,255,255,255,255,255,255,255,255,0,207,207,207,207,198,0,0,255,255,255,255,0,207,207,207,207,198,0,0,0,255,255,255,0,207,207,207,207,0,207,207,207,207,207,207,207,0,0,255,255,255,255,255,0,207,207,207,207,0,0,255,255,255,0,198,207,207,207,207,207,207,207,207,207,0,0,0,255,255,255,255,255,255,255,255,255,255,255,255,255,255,255,255,255,255,255,255,255,255,255,255,255,255,255,
255,255,255,255,255,255,255,255,255,255,255,255,255,255,255,255,255,255,255,255,255,255,255,255,255,255,255,255,255,0,207,207,207,207,0,0,255,255,255,255,255,0,207,207,207,207,0,0,0,255,255,255,255,0,207,207,207,207,0,207,207,207,207,207,207,207,0,0,255,255,255,255,255,0,207,207,207,207,0,0,255,255,255,255,0,207,207,207,207,207,207,207,207,207,0,0,255,255,255,255,255,255,255,255,255,255,255,255,255,255,255,255,255,255,255,255,255,255,255,255,255,255,255,255,
255,255,255,255,255,255,255,255,255,255,255,255,255,255,255,255,255,255,255,255,255,255,255,255,255,255,255,255,255,255,0,207,207,0,0,0,255,255,255,255,0,207,207,207,207,198,0,255,255,255,255,255,255,0,207,207,207,207,0,0,207,207,207,207,207,207,0,0,255,255,255,255,255,0,207,207,207,207,198,0,255,255,255,255,255,0,207,207,207,207,207,207,207,0,0,0,255,255,255,255,255,255,255,255,255,255,255,255,255,255,255,255,255,255,255,255,255,255,255,255,255,255,255,255,
255,255,255,255,255,255,255,255,255,255,255,255,255,255,255,255,255,255,255,255,255,255,255,255,255,255,255,255,255,255,0,0,0,0,0,255,255,255,255,255,0,207,207,207,207,207,0,0,255,255,255,255,255,0,207,207,207,207,0,0,207,207,207,207,207,207,0,0,255,255,255,255,255,0,207,207,207,207,207,0,255,255,255,255,255,255,0,0,207,207,207,0,0,0,0,255,255,255,255,255,255,255,255,255,255,255,255,255,255,255,255,255,255,255,255,255,255,255,255,255,255,255,255,255,
255,255,255,255,255,255,255,255,255,255,255,255,255,255,255,255,255,255,255,255,255,255,255,255,255,255,255,255,255,255,0,0,0,0,255,255,255,255,255,255,0,207,207,207,207,207,207,207,0,255,255,255,255,0,207,207,207,207,0,0,0,207,207,207,207,207,0,0,255,255,255,255,255,0,198,207,207,207,207,0,255,255,255,255,255,255,255,255,0,0,0,0,0,0,255,255,255,255,255,255,255,255,255,255,255,255,255,255,255,255,255,255,255,255,255,255,255,255,255,255,255,255,255,255,
255,255,255,255,255,255,255,255,255,255,255,255,255,255,255,255,255,255,255,255,255,255,255,255,255,255,255,255,255,255,255,0,0,255,255,255,255,255,255,255,0,207,207,207,207,207,207,207,207,0,255,255,255,0,207,207,207,207,0,0,0,207,207,207,207,207,0,0,255,255,255,255,255,255,0,207,207,207,207,0,0,255,255,255,255,255,255,255,255,0,0,0,255,255,255,255,255,255,255,255,255,255,255,255,255,255,255,255,255,255,255,255,255,255,255,255,255,255,255,255,255,255,255,255,
255,255,255,255,255,255,255,255,255,255,255,255,255,255,255,255,255,255,255,255,255,255,255,255,255,255,255,255,255,255,255,255,255,255,255,255,255,255,255,255,255,0,207,207,207,207,207,207,207,0,255,255,255,0,207,207,207,207,0,0,255,0,207,207,207,207,0,0,255,255,255,255,255,255,0,207,207,207,207,0,0,255,255,255,255,255,255,255,255,255,255,255,255,255,255,255,255,255,255,255,255,255,255,255,255,255,255,255,255,255,255,255,255,255,255,255,255,255,255,255,255,255,255,255,
255,255,255,255,255,255,255,255,255,255,255,255,255,255,255,255,255,255,255,255,255,255,255,255,255,255,255,255,255,255,255,255,255,255,255,255,255,255,255,255,255,0,0,0,207,207,207,207,0,0,255,255,255,0,207,207,207,207,0,0,255,0,207,207,207,207,0,0,255,255,255,255,255,255,0,207,207,207,207,0,0,255,255,255,255,255,255,255,255,255,255,255,255,255,255,255,255,255,255,255,255,255,255,255,255,255,255,255,255,255,255,255,255,255,255,255,255,255,255,255,255,255,255,255,
255,255,255,255,255,255,255,255,255,255,255,255,255,255,255,255,255,255,255,255,255,255,255,255,255,255,255,255,255,255,255,255,255,255,255,255,255,255,255,255,255,0,0,0,0,0,0,0,0,0,255,255,255,255,0,207,207,0,0,0,255,255,0,207,207,0,0,0,255,255,255,255,255,255,0,0,207,207,0,0,0,255,255,255,255,255,255,255,255,255,255,255,255,255,255,255,255,255,255,255,255,255,255,255,255,255,255,255,255,255,255,255,255,255,255,255,255,255,255,255,255,255,255,255,
255,255,255,255,255,255,255,255,255,255,255,255,255,255,255,255,255,255,255,255,255,255,255,255,255,255,255,255,255,255,255,255,255,255,255,255,255,255,255,255,255,255,0,0,0,0,0,0,0,0,255,255,255,255,255,0,0,0,0,0,255,255,0,0,0,0,0,0,255,255,255,255,255,255,255,0,0,0,0,0,255,255,255,255,255,255,255,255,255,255,255,255,255,255,255,255,255,255,255,255,255,255,255,255,255,255,255,255,255,255,255,255,255,255,255,255,255,255,255,255,255,255,255,255,
255,255,255,255,255,255,255,255,255,255,255,255,255,255,255,255,255,255,255,255,255,255,255,255,255,255,255,255,255,255,255,255,255,255,255,255,255,255,255,255,255,255,255,255,0,0,0,0,0,255,255,255,255,255,255,0,0,0,0,0,255,255,255,0,0,0,0,255,255,255,255,255,255,255,255,255,0,0,0,255,255,255,255,255,255,255,255,255,255,255,255,255,255,255,255,255,255,255,255,255,255,255,255,255,255,255,255,255,255,255,255,255,255,255,255,255,255,255,255,255,255,255,255,255,
255,255,255,255,255,255,255,255,255,255,255,255,255,255,255,255,255,255,255,255,255,255,255,255,255,255,255,255,255,255,255,255,255,255,255,255,255,255,255,255,255,255,255,255,255,255,255,255,255,255,255,255,255,255,255,255,0,0,0,255,255,255,255,255,0,0,255,255,255,255,255,255,255,255,255,255,255,255,255,255,255,255,255,255,255,255,255,255,255,255,255,255,255,255,255,255,255,255,255,255,255,255,255,255,255,255,255,255,255,255,255,255,255,255,255,255,255,255,255,255,255,255,255,255,


bigStarTitle: .word 36, 37, 0
.byte 255,255,255,255,255,255,255,255,255,255,198,198,198,255,255,255,255,255,255,255,255,255,255,255,255,255,255,255,255,255,255,255,255,255,255,255,
255,255,255,255,255,255,255,255,198,198,198,198,198,198,198,255,255,255,255,255,255,255,255,255,255,255,255,255,255,255,255,255,255,255,255,255,
255,255,255,255,255,255,255,198,198,198,198,198,198,198,198,198,255,255,255,255,255,255,255,255,198,198,198,198,198,255,255,255,255,255,255,255,
255,255,255,255,255,255,255,198,198,198,207,207,207,207,198,198,198,255,255,255,255,255,198,198,198,198,198,198,198,198,198,255,255,255,255,255,
255,255,255,255,255,255,198,198,198,207,207,207,207,207,207,198,198,198,255,255,255,198,198,198,198,207,207,207,207,198,198,198,255,255,255,255,
255,255,255,255,255,255,198,198,207,207,255,255,255,255,207,207,198,198,198,255,255,198,198,207,207,207,207,207,207,207,198,198,198,255,255,255,
255,255,255,255,255,255,198,198,207,207,255,255,255,255,255,207,207,198,198,198,198,198,207,207,207,255,255,255,207,207,207,198,198,255,255,255,
255,255,255,255,255,255,198,198,207,207,255,255,255,255,255,255,207,207,198,198,198,207,207,255,255,255,255,255,255,207,207,198,198,255,255,255,
255,255,255,255,255,255,198,198,207,207,255,255,255,255,255,255,255,207,207,198,207,207,255,255,255,255,255,255,255,207,207,198,198,255,255,255,
255,255,255,255,255,255,198,198,207,207,255,255,255,255,255,255,255,255,207,207,207,255,255,255,255,255,255,255,255,207,207,198,198,255,255,255,
255,255,255,255,255,255,198,198,207,207,255,255,255,255,255,255,255,255,255,255,255,255,255,255,255,255,255,255,255,207,207,198,198,255,255,255,
255,255,255,255,255,255,198,198,207,207,255,255,255,255,255,255,255,255,255,255,255,255,255,255,255,255,255,255,255,207,207,198,198,255,255,255,
255,255,255,255,255,255,198,198,207,207,198,198,255,255,255,255,198,198,255,255,255,255,255,255,255,255,255,255,255,207,207,198,198,255,255,255,
255,255,255,255,255,255,198,198,207,207,198,255,198,255,255,198,255,198,207,207,207,255,255,255,255,255,255,255,255,207,207,198,198,255,255,255,
255,255,255,255,255,255,198,198,207,207,198,255,255,198,198,255,255,198,207,207,207,207,255,255,255,255,255,255,207,207,198,198,255,255,255,255,
255,255,255,255,255,198,198,198,207,255,198,255,255,255,255,255,255,198,207,207,207,207,198,255,255,255,255,255,207,207,198,198,255,255,255,255,
255,255,255,255,198,198,198,207,207,255,198,255,255,255,255,255,255,198,198,207,207,207,198,255,255,255,255,255,207,207,198,198,198,255,255,255,
255,255,255,198,198,198,207,207,255,198,255,255,255,255,255,255,255,255,198,207,207,198,198,198,255,255,255,255,255,207,207,198,198,198,255,255,
255,255,198,198,198,207,207,255,198,255,255,255,255,255,255,255,255,255,255,198,207,198,198,198,255,255,255,255,255,255,207,207,198,198,198,255,
255,198,198,198,207,207,255,255,198,255,255,255,255,255,255,255,255,198,198,198,198,198,198,198,198,198,198,255,255,255,255,207,207,198,198,255,
255,198,198,207,207,255,255,255,255,198,198,198,198,255,255,255,198,207,207,198,198,198,198,198,198,198,255,255,255,255,255,255,207,207,198,198,
198,198,207,207,255,255,255,255,255,255,255,255,198,198,255,198,198,207,207,207,198,198,198,198,198,255,255,255,255,255,255,255,207,207,198,198,
198,198,207,207,255,255,255,255,255,255,255,255,255,198,255,198,207,207,207,207,198,198,198,198,198,255,255,255,255,255,255,255,207,207,198,198,
198,198,207,207,255,255,255,255,255,255,255,255,255,255,198,207,207,207,207,198,198,198,198,198,198,198,255,255,255,255,255,255,207,207,198,198,
198,198,207,207,207,255,255,255,255,255,255,255,255,255,255,255,207,207,207,198,198,255,255,255,198,198,255,255,255,255,255,255,207,207,198,198,
198,198,198,207,207,207,207,207,207,255,255,255,255,255,255,255,255,255,255,198,255,255,255,255,255,198,255,255,255,255,255,207,207,198,198,255,
255,198,198,198,207,207,207,207,207,207,207,255,255,255,255,255,255,255,255,255,255,255,255,255,255,255,255,255,255,255,207,207,207,198,198,255,
255,255,198,198,198,198,198,198,198,207,207,207,255,255,255,255,255,255,255,255,255,255,255,255,207,207,207,207,207,207,207,207,198,198,255,255,
255,255,255,255,198,198,198,198,198,198,198,207,207,255,255,255,255,255,255,255,255,255,255,207,207,207,207,207,207,207,207,198,198,198,255,255,
255,255,255,255,255,255,255,255,198,198,198,207,207,255,255,255,255,255,255,255,255,255,207,207,198,198,198,198,198,198,198,198,255,255,255,255,
255,255,255,255,255,255,255,255,255,255,198,198,207,207,255,255,255,255,255,255,255,255,207,198,198,198,198,198,198,198,255,255,255,255,255,255,
255,255,255,255,255,255,255,255,255,255,198,198,207,207,255,255,255,255,255,255,255,207,207,198,198,255,255,255,255,255,255,255,255,255,255,255,
255,255,255,255,255,255,255,255,255,255,255,198,198,207,207,255,255,255,255,255,207,207,198,198,255,255,255,255,255,255,255,255,255,255,255,255,
255,255,255,255,255,255,255,255,255,255,255,198,198,207,207,207,207,207,207,207,207,207,198,255,255,255,255,255,255,255,255,255,255,255,255,255,
255,255,255,255,255,255,255,255,255,255,255,198,198,198,207,207,207,207,207,207,207,198,198,255,255,255,255,255,255,255,255,255,255,255,255,255,
255,255,255,255,255,255,255,255,255,255,255,255,198,198,198,198,198,198,198,198,198,198,255,255,255,255,255,255,255,255,255,255,255,255,255,255,
255,255,255,255,255,255,255,255,255,255,255,255,255,255,198,198,198,198,198,198,198,255,255,255,255,255,255,255,255,255,255,255,255,255,255,255,


kirbysTitle: .word 111, 50, 0
.byte 255,255,255,255,255,255,255,255,255,255,255,255,255,255,255,255,255,255,255,255,255,255,255,255,255,255,255,255,255,255,255,255,255,255,255,255,255,255,255,255,255,255,255,255,255,255,255,255,255,255,255,255,255,255,255,255,255,255,255,255,255,255,255,255,255,255,255,255,255,255,255,255,255,255,255,255,255,255,255,255,255,255,255,255,255,255,255,255,255,255,255,255,255,255,255,255,0,0,0,0,0,255,255,255,255,255,255,255,255,255,255,
255,255,255,255,255,255,255,255,255,255,255,255,255,255,255,255,255,255,255,255,255,255,255,255,255,255,255,255,255,255,255,255,255,255,255,255,255,255,255,255,255,255,255,255,255,255,255,255,255,255,255,255,255,255,255,255,255,255,255,255,255,255,255,255,255,255,255,255,255,255,255,255,255,255,255,255,255,255,255,255,255,255,255,255,255,255,255,255,255,255,255,255,255,255,255,0,198,198,198,198,198,0,255,255,255,255,255,255,255,255,255,
255,255,255,255,255,255,255,255,255,255,255,255,255,255,255,255,255,255,255,255,255,255,255,255,255,255,255,255,255,255,255,255,255,255,255,255,255,255,255,255,255,255,255,255,255,255,255,255,255,255,255,255,255,255,255,255,255,255,0,0,0,0,0,0,0,0,0,255,255,255,255,255,255,255,255,255,255,255,255,255,255,255,255,255,255,255,255,255,255,255,255,255,255,255,0,198,198,198,198,198,198,198,0,255,255,255,255,255,255,255,255,
255,255,255,255,255,255,255,255,255,255,255,255,255,255,255,255,255,255,255,255,255,255,255,255,255,255,255,255,255,255,255,255,255,255,255,255,0,0,0,0,0,0,0,0,0,0,0,0,0,255,255,255,255,255,255,255,255,0,198,198,198,198,198,198,198,198,198,0,0,0,255,255,255,255,255,255,255,255,255,255,255,255,255,255,255,255,255,255,255,255,255,255,255,255,0,198,198,198,198,198,198,198,0,255,255,255,255,255,255,255,255,
255,255,255,255,255,255,255,255,255,255,255,255,255,255,255,255,255,255,255,255,255,255,255,255,255,255,255,255,255,255,255,255,255,255,255,0,198,198,198,198,198,198,198,198,198,198,198,198,198,0,0,255,255,255,255,255,0,198,198,198,198,198,198,198,198,198,198,198,198,198,0,0,255,255,255,255,255,255,255,255,255,255,255,255,255,255,255,255,255,255,255,255,255,255,0,198,198,198,198,198,198,198,0,0,255,255,255,255,255,255,255,
255,255,255,255,255,255,255,255,255,255,255,255,255,255,255,255,255,255,255,255,255,255,255,255,255,255,255,255,255,255,255,255,255,255,0,198,198,198,198,198,198,198,198,198,198,198,198,198,198,198,198,0,255,255,255,255,0,198,198,198,198,198,198,198,198,198,198,198,198,198,198,198,0,255,255,255,255,255,255,0,0,0,0,255,255,255,255,255,255,255,255,255,255,255,0,198,198,198,198,198,198,198,0,0,255,255,255,255,255,255,255,
255,255,255,255,255,255,255,255,255,255,255,255,255,255,255,255,255,255,255,255,255,255,255,255,255,255,255,0,0,0,255,255,255,255,0,198,198,198,198,198,198,198,198,198,198,198,198,198,198,198,198,198,0,255,255,255,0,198,198,198,198,198,198,198,198,198,198,198,198,198,198,198,198,0,255,255,255,255,0,198,198,198,198,0,255,255,255,255,255,255,255,255,255,255,0,198,198,198,198,198,198,198,0,0,255,255,255,255,255,255,255,
255,255,255,255,255,255,255,255,255,255,255,255,255,255,255,255,255,255,255,255,255,255,255,255,255,0,0,198,198,198,0,0,255,255,0,198,198,198,198,198,198,198,198,198,198,198,198,198,198,198,198,198,198,0,255,255,0,198,198,198,198,198,198,198,198,198,198,198,198,198,198,198,198,0,255,255,255,0,198,198,198,198,198,198,0,255,255,255,255,255,255,255,255,255,0,198,198,198,198,198,198,198,0,0,255,255,255,255,255,255,255,
255,255,255,255,255,255,255,255,255,255,255,255,255,0,0,0,0,255,255,255,255,255,255,255,255,0,198,198,198,198,198,198,0,255,0,198,198,198,198,198,198,198,198,198,198,198,198,198,198,198,198,198,198,0,255,255,255,0,198,198,198,198,198,198,198,198,198,198,198,198,198,198,198,198,0,255,255,0,198,198,198,198,198,198,0,255,255,255,255,255,255,255,255,255,0,198,198,198,198,198,198,198,0,0,255,255,255,255,255,255,255,
255,255,255,255,255,255,255,255,255,255,255,255,0,198,198,198,198,0,255,255,255,255,255,255,0,198,198,198,198,198,198,198,0,0,0,198,198,198,198,198,198,198,198,198,198,198,198,198,198,198,198,198,198,198,0,255,255,255,0,198,198,198,198,198,198,198,198,198,198,198,198,198,198,198,0,255,255,0,198,198,198,198,198,198,0,0,255,255,255,255,0,0,0,0,0,198,198,198,198,198,198,198,0,0,255,255,255,255,255,255,255,
255,255,255,255,255,255,255,255,255,255,255,0,198,198,198,198,198,198,0,255,255,255,255,255,0,198,198,198,198,198,198,198,0,0,255,0,198,198,198,198,198,198,198,198,198,0,0,198,198,198,198,198,198,198,0,255,255,255,0,198,198,198,198,198,198,198,198,198,198,198,198,198,198,198,0,0,255,0,198,198,198,198,198,198,0,0,255,255,255,0,198,198,198,0,0,198,198,198,198,198,198,198,0,0,255,255,255,255,255,255,255,
255,255,255,255,255,255,255,255,255,255,255,0,198,198,198,198,198,198,0,255,255,255,255,255,0,198,198,198,198,198,198,198,198,0,255,255,0,0,0,198,198,198,198,198,198,0,0,0,198,198,198,198,198,198,0,0,255,255,0,198,198,198,198,198,198,198,0,0,198,198,198,198,198,198,0,0,255,0,198,198,198,198,198,198,0,0,255,255,0,198,198,198,198,198,0,198,198,198,198,198,198,198,0,0,255,255,255,255,255,255,255,
255,255,255,255,255,255,255,255,255,255,255,0,198,198,198,198,198,198,0,0,255,255,255,255,0,198,198,198,198,198,198,198,198,0,0,255,255,255,0,198,198,198,198,198,198,0,0,0,198,198,198,198,198,198,0,0,255,255,0,198,198,198,198,198,198,0,0,0,0,198,198,198,198,198,0,0,255,0,198,198,198,198,198,198,0,0,255,0,198,198,198,198,198,198,198,0,198,198,198,198,198,0,0,0,255,255,255,255,255,255,255,
255,255,0,0,0,0,255,255,255,255,255,0,198,198,198,198,198,198,0,0,255,255,255,255,255,0,198,198,198,198,198,198,198,0,0,255,255,255,0,198,198,198,198,198,198,0,0,0,198,198,198,198,198,198,0,0,255,255,0,198,198,198,198,198,198,0,0,255,0,198,198,198,198,198,0,0,255,0,198,198,198,198,198,198,0,0,0,198,198,198,198,198,198,198,198,0,0,0,0,0,0,0,0,0,255,255,255,255,255,255,255,
255,0,198,198,198,198,0,0,255,255,255,0,198,198,198,198,198,198,0,0,255,255,255,255,255,0,198,198,198,198,198,198,198,0,0,255,255,255,0,198,198,198,198,198,198,0,0,0,198,198,198,198,198,198,0,0,255,255,0,198,198,198,198,198,198,0,0,255,0,198,198,198,198,198,0,0,255,0,198,198,198,198,198,198,0,0,198,198,198,198,198,198,198,198,198,0,0,0,0,0,0,0,0,255,255,255,255,255,255,255,255,
0,198,198,198,198,198,198,0,0,255,255,0,198,198,198,198,198,198,0,0,255,255,255,255,255,0,198,198,198,198,198,198,198,198,0,255,255,255,0,198,198,198,198,198,198,0,0,198,198,198,198,198,198,0,0,0,255,255,0,198,198,198,198,198,198,0,0,0,198,198,198,198,198,198,0,0,255,0,198,198,198,198,198,198,0,198,198,198,198,198,198,198,198,198,198,0,0,255,0,0,0,0,255,255,255,255,255,255,255,255,255,
0,198,198,198,198,198,198,198,0,255,255,0,198,198,198,198,198,198,0,0,255,255,255,255,255,0,198,198,198,198,198,198,198,198,0,0,255,255,0,198,198,198,198,198,198,198,198,198,198,198,198,198,198,0,0,255,255,255,0,198,198,198,198,198,198,198,198,198,198,198,198,198,198,198,0,0,255,0,198,198,198,198,198,198,198,198,198,198,198,198,198,198,198,198,0,0,0,255,255,255,255,255,255,255,255,255,255,255,255,255,255,
0,198,198,198,198,198,198,198,0,0,255,0,198,198,198,198,198,198,0,0,255,255,255,255,255,255,0,198,198,198,198,198,198,198,0,0,255,255,0,198,198,198,198,198,198,198,198,198,198,198,198,198,0,0,0,255,255,0,198,198,198,198,198,198,198,198,198,198,198,198,198,198,198,0,0,255,255,0,198,198,198,198,198,198,198,198,198,198,198,198,198,198,198,0,0,0,255,255,0,0,0,0,0,255,255,255,255,255,255,255,255,
0,198,198,198,198,198,198,198,198,0,255,0,198,198,198,198,198,198,0,0,255,255,255,255,255,255,0,198,198,198,198,198,198,198,0,0,255,255,0,198,198,198,198,198,198,198,198,198,198,198,198,0,0,0,255,255,255,0,198,198,198,198,198,198,198,198,198,198,198,198,198,198,0,0,0,255,255,0,198,198,198,198,198,198,198,198,198,198,198,198,198,198,0,0,0,255,0,0,198,198,198,198,198,0,0,255,255,255,255,255,255,
255,0,198,198,198,198,198,198,198,0,0,0,198,198,198,198,198,198,0,0,255,255,255,255,255,255,0,198,198,198,198,198,198,198,198,0,255,255,0,198,198,198,198,198,198,198,198,198,198,198,0,0,0,255,255,255,255,0,198,198,198,198,198,198,198,198,198,198,198,198,198,0,0,0,255,255,255,0,198,198,198,198,198,198,198,198,198,198,198,198,198,0,0,0,255,0,198,198,198,198,198,198,198,198,198,0,255,255,255,255,255,
255,0,198,198,198,198,198,198,198,198,0,0,198,198,198,198,198,198,0,0,255,255,255,255,255,255,0,198,198,198,198,198,198,198,198,0,0,255,0,198,198,198,198,198,198,198,198,198,198,198,198,0,0,255,255,255,255,0,198,198,198,198,198,198,198,198,198,198,198,198,198,198,0,255,255,255,255,0,198,198,198,198,198,198,198,198,198,198,198,198,0,0,0,255,0,198,198,198,198,198,198,198,198,198,198,198,0,255,255,255,255,
255,255,0,198,198,198,198,198,198,198,0,0,198,198,198,198,198,198,0,0,255,255,255,255,255,255,255,0,198,198,198,198,198,198,198,0,0,255,0,198,198,198,198,198,198,198,198,198,198,198,198,198,0,255,255,255,255,0,198,198,198,198,198,198,198,198,198,198,198,198,198,198,198,0,255,255,255,0,198,198,198,198,198,198,198,198,198,198,198,0,0,0,255,0,198,198,198,198,198,198,198,198,198,198,198,198,198,0,255,255,255,
255,255,0,198,198,198,198,198,198,198,198,198,198,198,198,198,198,198,0,0,255,255,255,255,255,255,255,0,198,198,198,198,198,198,198,0,0,255,255,0,198,198,198,198,198,198,198,198,198,198,198,198,0,0,255,255,255,0,198,198,198,198,198,198,198,0,0,198,198,198,198,198,198,198,0,255,255,0,198,198,198,198,198,198,198,198,198,198,0,0,0,255,255,0,198,198,198,198,198,198,198,198,198,198,198,198,198,198,0,255,255,
255,255,0,198,198,198,198,198,198,198,198,198,198,198,198,198,198,198,0,0,255,255,255,255,255,255,255,0,198,198,198,198,198,198,198,198,0,255,255,0,198,198,198,198,198,198,198,198,198,198,198,198,198,0,255,255,255,0,198,198,198,198,198,198,198,0,0,198,198,198,198,198,198,198,0,255,255,0,198,198,198,198,198,198,198,198,198,0,0,0,255,255,0,198,198,198,198,198,198,198,198,198,198,198,198,198,198,198,0,255,255,
255,255,255,0,198,198,198,198,198,198,198,198,198,198,198,198,198,198,0,0,255,255,255,255,255,255,255,0,198,198,198,198,198,198,198,198,0,0,255,0,198,198,198,198,198,198,0,198,198,198,198,198,198,0,0,255,255,0,198,198,198,198,198,198,0,0,0,0,198,198,198,198,198,198,0,0,255,0,198,198,198,198,198,198,198,198,0,0,0,255,255,255,0,198,198,198,198,198,198,198,198,198,198,198,198,198,198,198,198,0,255,
255,255,255,0,198,198,198,198,198,198,198,198,198,198,198,198,198,198,0,0,255,255,255,255,255,255,255,255,0,198,198,198,198,198,198,198,0,0,255,0,198,198,198,198,198,198,0,198,198,198,198,198,198,198,0,255,0,198,198,198,198,198,198,198,0,0,255,0,198,198,198,198,198,198,0,0,255,0,198,198,198,198,198,198,198,0,0,0,255,255,255,255,0,198,198,198,198,198,198,198,198,198,198,198,198,198,198,198,198,0,255,
255,255,255,255,0,198,198,198,198,198,198,198,198,198,198,198,198,198,0,0,255,255,255,255,255,255,255,255,0,198,198,198,198,198,198,198,0,0,255,0,198,198,198,198,198,198,0,0,198,198,198,198,198,198,0,0,0,198,198,198,198,198,198,198,0,0,255,0,198,198,198,198,198,198,0,0,0,198,198,198,198,198,198,198,198,0,0,255,255,255,255,255,0,198,198,198,198,198,198,198,198,0,198,198,198,198,198,198,198,0,0,
255,255,255,255,0,198,198,198,198,198,198,198,198,198,198,198,198,198,198,0,255,255,255,255,255,255,255,255,0,198,198,198,198,198,198,198,198,0,0,0,198,198,198,198,198,198,0,0,198,198,198,198,198,198,198,0,0,198,198,198,198,198,198,198,0,0,0,198,198,198,198,198,198,198,0,0,0,198,198,198,198,198,198,198,0,0,255,255,255,255,255,255,0,198,198,198,198,198,198,198,0,0,0,198,198,198,198,198,198,0,0,
255,255,255,255,255,0,198,198,198,198,198,198,198,198,198,198,198,198,198,198,0,255,255,255,255,255,255,255,0,198,198,198,198,198,198,198,198,0,0,0,198,198,198,198,198,198,0,0,0,198,198,198,198,198,198,0,0,198,198,198,198,198,198,198,198,198,198,198,198,198,198,198,198,198,0,0,0,198,198,198,198,198,198,198,0,0,255,255,255,255,255,255,0,198,198,198,198,198,198,198,0,0,0,198,198,198,198,198,198,0,0,
255,255,255,255,255,0,198,198,198,198,198,198,198,198,198,198,198,198,198,198,198,0,0,255,255,255,255,255,255,0,198,198,198,198,198,198,198,0,0,0,198,198,198,198,198,198,0,0,0,198,198,198,198,198,198,198,0,198,198,198,198,198,198,198,198,198,198,198,198,198,198,198,198,198,0,0,0,198,198,198,198,198,198,0,0,255,255,255,255,255,255,255,255,0,198,198,198,198,198,198,0,0,255,0,198,198,198,198,198,0,0,
255,255,255,255,255,255,0,198,198,198,198,198,198,198,198,198,198,198,198,198,198,198,198,0,255,255,255,255,255,0,198,198,198,198,198,198,198,198,0,0,198,198,198,198,198,198,0,0,255,0,198,198,198,198,198,198,0,198,198,198,198,198,198,198,198,198,198,198,198,198,198,198,198,0,0,0,198,198,198,198,198,198,198,0,0,255,255,255,255,255,255,255,255,0,198,198,198,198,198,198,0,0,255,0,0,198,198,198,0,0,0,
255,255,255,255,255,255,0,198,198,198,198,198,198,198,198,198,198,198,198,198,198,198,198,198,0,255,255,255,255,0,198,198,198,198,198,198,198,198,0,0,198,198,198,198,198,198,0,0,255,0,198,198,198,198,198,198,0,198,198,198,198,198,198,198,198,198,198,198,198,198,198,198,198,0,0,0,198,198,198,198,198,198,198,0,0,255,255,255,255,255,255,255,255,0,198,198,198,198,198,198,0,0,255,255,255,0,0,0,0,0,0,
255,255,255,255,255,255,255,0,198,198,198,198,198,198,198,198,198,198,198,198,198,198,198,198,198,0,0,255,255,0,198,198,198,198,198,198,198,198,0,0,198,198,198,198,198,198,0,0,255,255,0,198,198,198,198,0,0,198,198,198,198,198,198,198,198,198,198,198,198,198,198,198,0,0,0,0,198,198,198,198,198,198,0,0,255,255,255,255,255,255,255,255,255,0,198,198,198,198,198,198,198,0,255,255,255,0,0,0,0,0,255,
255,255,255,255,255,255,255,0,198,198,198,198,198,198,198,198,198,198,198,198,198,198,198,198,198,198,198,0,255,255,0,198,198,198,198,198,198,0,0,0,198,198,198,198,198,198,0,0,255,255,255,0,0,0,0,0,0,0,0,198,198,198,198,198,198,198,198,198,198,198,198,0,0,0,0,198,198,198,198,198,198,198,0,0,255,255,0,0,0,0,255,255,255,0,198,198,198,198,198,198,198,0,0,255,255,255,255,0,0,255,255,
255,255,255,255,255,255,255,255,0,198,198,198,198,198,198,198,0,198,198,198,198,198,198,198,198,198,198,198,0,255,0,198,198,198,198,198,198,0,0,0,0,198,198,198,198,0,0,0,255,255,255,255,0,0,0,0,0,255,0,0,0,0,0,0,198,198,198,198,198,0,0,0,0,0,0,198,198,198,198,198,198,198,0,0,255,0,198,198,198,198,0,0,255,255,0,198,198,198,198,198,198,0,0,255,255,255,255,255,255,255,255,
255,255,255,255,255,255,255,255,0,198,198,198,198,198,198,198,198,0,198,198,198,198,198,198,198,198,198,198,198,0,0,0,198,198,198,198,0,0,0,0,255,0,0,0,0,0,0,0,255,255,255,255,255,0,0,0,255,255,255,0,0,0,0,0,0,0,0,0,0,0,0,0,0,255,0,198,198,198,198,198,198,0,0,255,0,198,198,198,198,198,198,0,0,255,0,198,198,198,198,198,198,0,0,255,255,255,255,255,255,255,255,
255,255,255,255,255,255,255,255,255,0,198,198,198,198,198,198,198,0,0,0,198,198,198,198,198,198,198,198,198,0,0,0,0,0,0,0,0,0,0,0,255,255,0,0,0,0,0,255,255,255,255,255,255,255,255,255,255,255,255,0,0,0,0,0,0,0,0,0,0,0,0,0,255,255,0,0,198,198,198,198,198,0,0,255,0,198,198,198,198,198,198,198,0,255,0,198,198,198,198,198,198,198,0,255,255,255,255,255,255,255,255,
255,255,255,255,255,255,255,255,255,0,198,198,198,198,198,198,198,198,0,0,0,198,198,198,198,198,198,198,198,0,0,0,255,0,0,0,0,0,0,255,255,255,255,0,0,0,255,255,255,255,255,255,255,255,255,255,255,255,255,255,255,255,255,255,255,0,0,0,0,0,0,255,255,255,255,0,0,198,198,198,0,0,0,255,0,198,198,198,198,198,198,198,0,0,0,198,198,198,198,198,198,198,0,0,255,255,255,255,255,255,255,
255,255,255,255,255,255,255,255,255,255,0,198,198,198,198,198,198,198,0,0,255,0,0,198,198,198,198,198,198,0,0,0,255,255,255,0,0,0,255,255,255,255,255,255,255,255,255,255,255,255,255,255,255,255,255,255,255,255,255,255,255,255,255,255,255,255,255,255,255,255,255,255,255,255,255,255,0,0,0,0,0,0,255,255,0,198,198,198,198,198,198,198,198,0,198,198,198,198,198,198,198,198,0,0,255,255,255,255,255,255,255,
255,255,255,255,255,255,255,255,255,255,0,198,198,198,198,198,198,198,198,0,0,255,255,0,198,198,198,198,0,0,0,0,255,255,255,255,255,255,255,255,255,255,255,255,255,255,255,255,255,255,255,255,255,255,255,255,255,255,255,255,255,255,255,255,255,255,255,255,255,255,255,255,255,255,255,255,255,0,0,0,0,255,255,255,255,0,198,198,198,198,198,198,198,198,198,198,198,198,198,198,198,198,0,0,255,255,255,255,255,255,255,
255,255,255,255,255,255,255,255,255,255,255,0,198,198,198,198,198,198,198,0,0,255,255,255,0,0,0,0,0,0,0,0,255,255,255,255,255,255,255,255,255,255,255,255,255,255,255,255,255,255,255,255,255,255,255,255,255,255,255,255,255,255,255,255,255,255,255,255,255,255,255,255,255,255,255,255,255,255,255,255,255,255,255,255,255,0,198,198,198,198,198,198,198,198,198,198,198,198,198,198,198,198,0,0,255,255,255,255,255,255,255,
255,255,255,255,255,255,255,255,255,255,255,0,198,198,198,198,198,198,198,198,0,0,255,255,255,0,0,0,0,0,0,255,255,255,255,255,255,255,255,255,255,255,255,255,255,255,255,255,255,255,255,255,255,255,255,255,255,255,255,255,255,255,255,255,255,255,255,255,255,255,255,255,255,255,255,255,255,255,255,255,255,255,255,255,255,0,198,198,198,198,198,198,198,198,198,198,198,198,198,198,198,198,0,0,255,255,255,255,255,255,255,
255,255,255,255,255,255,255,255,255,255,255,255,0,198,198,198,198,198,198,198,0,0,255,255,255,255,0,0,0,0,255,255,255,255,255,255,255,255,255,255,255,255,255,255,255,255,255,255,255,255,255,255,255,255,255,255,255,255,255,255,255,255,255,255,255,255,255,255,255,255,255,255,255,255,255,255,255,255,255,255,255,255,255,255,255,255,0,198,198,198,198,198,198,198,198,198,198,198,198,198,198,0,0,0,255,255,255,255,255,255,255,
255,255,255,255,255,255,255,255,255,255,255,255,0,198,198,198,198,198,198,198,0,0,0,255,255,255,255,255,255,255,255,255,255,255,255,255,255,255,255,255,255,255,255,255,255,255,255,255,255,255,255,255,255,255,255,255,255,255,255,255,255,255,255,255,255,255,255,255,255,255,255,255,255,255,255,255,255,255,255,255,255,255,255,255,255,255,0,198,198,198,198,198,198,198,198,198,198,198,198,198,198,0,0,0,255,255,255,255,255,255,255,
255,255,255,255,255,255,255,255,255,255,255,255,255,0,198,198,198,198,198,198,0,0,0,255,255,255,255,255,255,255,255,255,255,255,255,255,255,255,255,255,255,255,255,255,255,255,255,255,255,255,255,255,255,255,255,255,255,255,255,255,255,255,255,255,255,255,255,255,255,255,255,255,255,255,255,255,255,255,255,255,255,255,255,255,255,255,255,0,198,198,198,198,198,198,198,198,198,198,198,198,0,0,0,255,255,255,255,255,255,255,255,
255,255,255,255,255,255,255,255,255,255,255,255,255,0,198,198,198,198,198,0,0,0,0,255,255,255,255,255,255,255,255,255,255,255,255,255,255,255,255,255,255,255,255,255,255,255,255,255,255,255,255,255,255,255,255,255,255,255,255,255,255,255,255,255,255,255,255,255,255,255,255,255,255,255,255,255,255,255,255,255,255,255,255,255,255,255,255,255,0,198,198,198,198,198,198,198,198,198,198,0,0,0,0,255,255,255,255,255,255,255,255,
255,255,255,255,255,255,255,255,255,255,255,255,255,255,0,198,198,0,0,0,0,0,0,255,255,255,255,255,255,255,255,255,255,255,255,255,255,255,255,255,255,255,255,255,255,255,255,255,255,255,255,255,255,255,255,255,255,255,255,255,255,255,255,255,255,255,255,255,255,255,255,255,255,255,255,255,255,255,255,255,255,255,255,255,255,255,255,255,255,0,198,198,198,198,198,198,198,198,0,0,0,0,255,255,255,255,255,255,255,255,255,
255,255,255,255,255,255,255,255,255,255,255,255,255,255,255,0,0,0,0,0,0,0,255,255,255,255,255,255,255,255,255,255,255,255,255,255,255,255,255,255,255,255,255,255,255,255,255,255,255,255,255,255,255,255,255,255,255,255,255,255,255,255,255,255,255,255,255,255,255,255,255,255,255,255,255,255,255,255,255,255,255,255,255,255,255,255,255,255,255,255,0,0,198,198,198,198,0,0,0,0,0,255,255,255,255,255,255,255,255,255,255,
255,255,255,255,255,255,255,255,255,255,255,255,255,255,255,255,255,0,0,0,0,255,255,255,255,255,255,255,255,255,255,255,255,255,255,255,255,255,255,255,255,255,255,255,255,255,255,255,255,255,255,255,255,255,255,255,255,255,255,255,255,255,255,255,255,255,255,255,255,255,255,255,255,255,255,255,255,255,255,255,255,255,255,255,255,255,255,255,255,255,255,0,0,0,0,0,0,0,0,0,255,255,255,255,255,255,255,255,255,255,255,
255,255,255,255,255,255,255,255,255,255,255,255,255,255,255,255,255,255,255,255,255,255,255,255,255,255,255,255,255,255,255,255,255,255,255,255,255,255,255,255,255,255,255,255,255,255,255,255,255,255,255,255,255,255,255,255,255,255,255,255,255,255,255,255,255,255,255,255,255,255,255,255,255,255,255,255,255,255,255,255,255,255,255,255,255,255,255,255,255,255,255,255,255,0,0,0,0,0,255,255,255,255,255,255,255,255,255,255,255,255,255,


kirbyTitle0: .word 59, 55, 0
.byte 199,199,199,199,199,199,199,199,199,199,199,199,199,199,199,199,199,199,199,199,199,199,199,199,199,199,199,0,0,0,0,0,0,0,0,0,199,199,199,199,199,199,199,199,199,199,199,199,199,199,199,199,199,199,199,199,199,199,199,
199,199,199,199,199,199,199,199,199,199,199,199,199,199,199,199,199,199,199,199,199,199,199,0,0,0,0,0,0,0,0,0,0,0,0,0,0,0,0,0,199,199,199,199,199,199,199,199,199,199,199,199,199,199,199,199,199,199,199,
199,199,199,199,199,199,199,199,199,199,199,199,199,199,199,199,199,199,199,199,199,0,0,0,0,0,0,239,239,239,239,239,239,239,239,239,0,0,0,0,0,0,199,199,199,199,199,199,199,199,199,199,199,0,0,0,0,199,199,
199,199,199,199,199,199,199,199,199,199,199,199,199,199,199,199,199,199,199,0,0,0,0,239,239,239,239,239,239,239,239,239,239,239,239,239,239,239,239,239,0,0,0,0,199,199,199,199,199,199,199,0,0,0,0,0,0,0,199,
199,199,199,199,199,199,199,199,199,199,199,199,199,199,199,199,199,0,0,0,0,239,239,239,239,239,239,239,239,239,239,239,239,239,239,239,239,239,239,239,239,239,0,0,0,199,199,199,199,199,0,0,0,239,239,239,0,0,0,
199,199,199,199,199,199,199,199,199,199,199,199,199,199,199,199,0,0,0,239,239,239,239,239,239,239,239,239,239,239,239,239,239,239,239,239,239,239,239,239,239,239,239,239,0,0,199,199,199,0,0,0,239,239,239,239,239,0,0,
199,199,199,199,199,199,199,199,199,199,199,199,199,199,199,0,0,239,239,239,239,239,239,239,239,239,239,239,239,239,239,239,239,239,239,239,239,239,239,239,239,239,239,239,239,0,0,199,0,0,0,239,239,239,239,239,239,0,0,
199,199,199,199,199,199,199,199,199,199,199,199,199,199,0,0,239,239,239,239,239,239,239,239,239,239,239,239,239,239,239,239,239,239,239,239,239,239,239,239,239,239,239,239,239,239,0,0,0,0,239,239,239,239,239,239,239,0,0,
199,199,199,199,199,199,199,199,199,199,199,199,199,0,0,239,239,239,239,239,239,239,239,239,239,239,239,239,239,239,239,239,239,239,239,239,239,239,239,239,239,239,239,239,239,239,239,0,0,239,239,239,239,239,239,239,239,0,0,
199,199,199,199,199,199,199,199,199,199,199,199,0,0,239,239,239,239,239,239,239,239,239,239,239,239,239,239,239,239,239,239,239,239,239,239,239,239,239,239,239,239,239,239,239,239,239,0,0,239,239,239,239,239,239,239,239,0,0,
199,199,199,199,199,199,199,199,199,199,199,0,0,239,239,239,239,239,239,239,239,239,239,239,239,239,239,239,239,239,207,0,207,239,239,239,207,0,207,239,239,239,239,239,239,239,239,239,0,0,239,239,239,239,239,239,239,0,0,
199,199,199,199,199,199,199,199,199,199,199,0,0,239,239,239,239,239,239,239,239,239,239,239,239,239,239,239,239,239,0,0,0,239,239,239,0,0,0,239,239,239,239,239,239,239,239,239,0,0,239,239,239,239,239,239,239,0,0,
199,199,199,199,199,199,199,199,199,199,0,0,239,239,239,239,239,239,239,239,239,239,239,239,239,239,239,239,239,239,0,239,0,239,239,239,0,239,0,239,239,239,239,239,239,239,239,239,239,0,239,239,239,239,239,239,239,0,0,
199,199,199,199,199,199,199,199,199,199,0,0,0,0,239,239,239,239,239,239,239,239,239,239,239,239,239,239,239,239,0,239,0,239,239,239,0,239,0,239,239,239,239,239,239,239,239,239,239,239,239,239,239,239,239,239,239,0,0,
199,199,199,199,199,199,199,199,0,0,0,0,0,0,239,239,239,239,239,239,239,239,239,239,239,239,239,239,239,239,0,0,0,239,239,239,0,0,0,239,239,239,239,239,239,239,239,239,239,239,239,239,239,239,239,239,239,0,0,
199,199,199,199,199,199,0,0,0,0,239,239,239,239,239,239,239,239,239,239,239,239,239,239,239,239,239,239,239,239,0,0,0,239,239,239,0,0,0,239,239,239,239,239,239,239,239,239,239,239,239,239,239,239,239,239,0,0,0,
199,199,199,199,199,0,0,0,239,239,239,239,239,239,239,239,239,239,239,239,239,239,239,239,239,239,239,239,239,239,0,0,0,239,239,239,0,0,0,239,239,239,239,239,239,239,239,239,239,239,239,239,239,239,239,239,0,0,199,
199,199,199,199,0,0,0,239,239,239,239,239,239,239,239,239,239,239,239,239,239,239,239,239,239,239,239,239,239,239,0,0,0,239,239,239,0,0,0,239,239,239,239,239,239,239,239,239,239,239,239,239,239,239,239,239,0,0,199,
199,199,199,0,0,0,239,239,239,239,239,239,239,239,239,239,239,239,239,239,239,239,239,239,239,207,207,239,239,239,207,0,207,239,239,239,207,0,207,239,239,239,207,207,239,239,239,239,239,239,239,239,239,239,239,0,0,0,199,
199,199,0,0,0,239,239,239,239,239,239,239,239,239,239,239,239,239,239,239,239,239,239,239,239,239,239,207,239,239,239,239,239,239,239,239,239,239,239,239,239,207,239,239,239,239,239,239,239,239,239,239,239,239,239,0,0,199,199,
199,199,0,0,239,239,239,239,239,239,239,239,239,239,239,239,239,239,239,239,239,239,239,239,207,207,207,239,239,239,239,239,239,239,239,239,239,239,239,239,239,239,207,207,207,239,239,239,239,239,239,239,239,239,239,0,0,199,199,
199,0,0,0,239,239,239,239,239,239,239,239,239,239,239,239,239,239,239,239,239,239,239,239,239,239,239,239,239,239,239,0,0,0,0,0,0,0,239,239,239,239,239,239,239,239,239,239,239,239,239,239,0,239,0,0,199,199,199,
199,0,0,239,239,239,239,239,239,239,239,239,239,239,239,239,239,239,239,239,239,239,239,239,239,239,239,239,239,239,0,0,207,207,207,207,207,0,0,239,239,239,239,239,239,239,239,239,239,239,239,239,0,239,0,0,199,199,199,
199,0,0,239,239,239,239,239,239,239,239,239,239,239,239,239,239,239,239,239,239,239,239,239,239,239,239,239,239,239,0,207,207,207,207,207,207,207,0,239,239,239,239,239,239,239,239,239,239,239,239,239,0,0,0,199,199,199,199,
0,0,239,239,239,239,239,239,239,239,239,239,239,239,239,239,239,239,239,239,239,239,239,239,239,239,239,239,239,239,0,207,0,0,0,0,0,207,0,239,239,239,239,239,239,239,239,239,239,239,239,239,0,0,0,199,199,199,199,
0,0,239,239,239,239,239,239,239,239,239,239,239,239,239,239,239,239,239,239,239,239,239,239,239,239,239,239,239,239,0,0,207,239,239,239,207,0,0,239,239,239,239,239,239,239,239,239,239,239,239,239,0,0,199,199,199,199,199,
0,0,239,239,239,239,239,239,239,239,239,239,239,239,239,239,239,239,239,239,239,239,239,239,239,239,239,239,239,239,239,0,239,239,239,239,239,0,239,239,239,239,239,239,239,239,239,239,239,239,239,239,0,0,199,199,199,199,199,
0,0,239,239,239,239,239,239,239,239,239,239,239,239,239,239,239,239,239,239,239,239,239,239,239,239,239,239,239,239,239,239,0,239,239,239,0,239,239,239,239,239,239,239,239,239,239,239,239,239,239,239,0,0,199,199,199,199,199,
0,0,0,239,239,239,239,239,0,0,0,0,239,239,239,239,239,239,239,239,239,239,239,239,239,239,239,239,239,239,239,239,239,0,0,0,239,239,239,239,239,239,239,239,239,239,239,239,239,239,239,239,0,0,199,199,199,199,199,
199,0,0,0,0,0,0,0,0,0,0,0,239,239,239,239,239,239,239,239,239,239,239,239,239,239,239,239,239,239,239,239,239,239,239,239,239,239,239,239,239,239,239,239,239,239,239,239,239,239,239,239,0,0,199,199,199,199,199,
199,199,199,0,0,0,0,0,0,0,239,239,239,239,239,239,239,239,239,239,239,239,239,239,239,239,239,239,239,239,239,239,239,239,239,239,239,239,239,239,239,239,239,239,239,239,239,239,239,239,239,239,0,0,199,199,199,199,199,
199,199,199,199,199,199,199,199,0,0,239,239,239,239,239,239,239,239,239,239,239,239,239,239,239,239,239,239,239,239,239,239,239,239,239,239,239,239,239,239,239,239,239,239,239,239,239,239,239,239,239,0,0,199,199,199,199,199,199,
199,199,199,199,199,199,199,199,0,0,239,239,239,239,239,239,239,239,239,239,239,239,239,239,239,239,239,239,239,239,239,239,239,239,239,239,239,239,239,239,239,239,239,239,239,239,239,239,239,239,239,0,0,199,199,199,199,199,199,
199,199,199,199,199,199,199,199,0,0,239,239,239,239,239,239,239,239,239,239,239,239,239,239,239,239,239,239,239,239,239,239,239,239,239,239,239,239,239,239,239,239,239,239,239,239,239,239,239,239,207,0,0,199,199,199,199,199,199,
199,199,199,199,199,199,199,199,199,0,0,239,239,239,239,239,239,239,239,239,239,239,239,239,239,239,239,239,239,239,239,239,239,239,239,239,239,239,239,239,239,239,239,239,239,239,239,239,207,0,0,0,0,0,199,199,199,199,199,
199,199,199,199,199,199,199,199,199,0,0,239,239,239,239,239,239,239,239,239,239,239,239,239,239,239,239,239,239,239,239,239,239,239,239,239,239,239,239,239,239,239,239,239,239,239,239,0,0,0,0,0,0,0,0,0,199,199,199,
199,199,199,199,199,199,199,199,199,0,0,0,0,0,0,0,239,239,239,239,239,239,239,239,239,239,239,239,239,239,239,239,239,239,239,239,239,239,239,239,239,239,239,239,239,0,0,0,0,0,207,207,207,207,0,0,0,199,199,
199,199,199,199,199,199,199,199,0,0,0,0,0,0,0,0,0,0,239,239,239,239,239,239,239,239,239,239,239,239,239,239,239,239,239,239,239,239,239,239,239,239,239,239,0,0,0,0,207,207,207,207,207,207,207,0,0,0,199,
199,199,199,199,199,199,199,0,0,0,207,207,207,207,207,207,0,0,0,0,239,239,239,239,239,239,239,239,239,239,239,239,239,239,239,239,239,239,239,239,239,239,239,0,0,0,207,207,207,207,207,207,207,207,207,207,0,0,199,
199,199,199,199,199,199,199,0,0,207,207,207,207,207,207,207,207,207,0,0,0,239,239,239,239,239,239,239,239,239,239,239,239,239,239,239,239,239,239,239,239,239,0,0,0,207,207,207,207,207,207,207,207,207,207,207,207,0,0,
199,199,199,199,199,199,0,0,207,207,207,207,207,207,207,207,207,207,207,0,0,0,239,239,239,239,239,239,239,239,239,239,239,239,239,239,239,239,239,239,239,0,0,0,207,207,207,207,207,207,207,207,207,207,207,207,207,0,0,
199,199,199,199,199,199,0,0,207,207,207,207,207,207,207,207,207,207,207,207,0,0,0,239,239,239,239,239,239,239,239,239,239,239,239,239,239,239,239,239,239,0,0,207,207,207,207,207,207,207,207,207,207,207,207,207,207,0,0,
199,199,199,199,199,199,0,0,207,207,207,207,207,207,207,207,207,207,207,207,207,0,0,239,239,239,239,239,239,239,239,239,239,239,239,239,239,239,239,239,0,0,207,207,207,207,207,207,207,207,207,207,207,207,207,207,207,0,0,
199,199,199,199,199,199,0,0,207,207,207,207,207,207,207,207,207,207,207,207,207,207,0,0,239,239,239,239,239,239,239,239,239,239,239,239,239,239,239,239,0,0,207,207,207,207,207,207,207,207,207,207,207,207,207,207,207,0,0,
199,199,199,199,199,199,0,0,207,207,207,207,207,207,207,207,207,207,207,207,207,207,0,0,239,239,239,239,239,239,239,239,239,239,239,239,239,239,239,0,0,207,207,207,207,207,207,207,207,207,207,207,207,207,207,207,0,0,199,
199,199,199,199,199,199,199,0,0,207,207,207,207,207,207,207,207,207,207,207,207,207,207,0,0,239,239,239,239,239,239,239,239,239,239,239,239,239,239,0,0,207,207,207,207,207,207,207,207,207,207,207,207,207,207,207,0,0,199,
199,199,199,199,199,199,199,0,0,207,207,207,207,207,207,207,207,207,207,207,207,207,207,0,0,239,239,239,239,239,239,239,239,239,239,239,239,239,0,0,207,207,207,207,207,207,207,207,207,207,207,207,207,207,207,0,0,199,199,
199,199,199,199,199,199,199,199,0,0,207,207,207,207,207,207,207,207,207,207,207,207,207,207,0,0,239,239,239,239,239,239,239,239,239,239,239,239,0,0,207,207,207,207,207,207,207,207,207,207,207,207,207,207,0,0,0,199,199,
199,199,199,199,199,199,199,199,0,0,0,207,207,207,207,207,207,207,207,207,207,207,207,207,0,0,239,239,239,239,239,239,239,239,239,239,239,239,0,0,207,207,207,207,207,207,207,207,207,207,207,207,207,0,0,0,199,199,199,
199,199,199,199,199,199,199,199,199,0,0,0,207,207,207,207,207,207,207,207,207,207,207,207,0,0,207,239,239,239,239,239,239,239,239,239,239,207,0,0,207,207,207,207,207,207,207,207,207,207,207,207,0,0,0,199,199,199,199,
199,199,199,199,199,199,199,199,199,199,0,0,0,207,207,207,207,207,207,207,207,207,207,207,0,0,0,207,239,239,239,239,239,239,239,207,0,0,0,0,207,207,207,207,207,207,207,207,207,207,207,0,0,0,199,199,199,199,199,
199,199,199,199,199,199,199,199,199,199,199,0,0,0,0,207,207,207,207,207,207,207,207,0,0,0,0,0,0,0,0,0,0,0,0,0,0,0,0,0,0,0,207,207,207,207,207,207,207,0,0,0,0,199,199,199,199,199,199,
199,199,199,199,199,199,199,199,199,199,199,199,0,0,0,0,0,207,207,207,207,207,0,0,0,199,207,0,0,0,0,0,0,0,0,0,207,199,199,199,0,0,0,0,0,0,0,0,0,0,0,199,199,199,199,199,199,199,199,
199,199,199,199,199,199,199,199,199,199,199,199,199,199,0,0,0,0,0,0,0,0,0,0,199,199,199,199,199,199,199,199,199,199,199,199,199,199,199,199,199,199,0,0,0,0,0,0,0,199,199,199,199,199,199,199,199,199,199,
199,199,199,199,199,199,199,199,199,199,199,199,199,199,199,199,199,0,0,0,0,0,199,199,199,199,199,199,199,199,199,199,199,199,199,199,199,199,199,199,199,199,199,199,199,199,199,199,199,199,199,199,199,199,199,199,199,199,199,


kirbyTitle1: .word 59, 55, 0
.byte 199,199,199,199,199,199,199,199,199,199,199,199,199,199,199,199,199,199,199,199,199,199,199,199,199,199,199,0,0,0,0,0,0,0,0,0,199,199,199,199,199,199,199,199,199,199,199,199,199,199,199,199,199,199,199,199,199,199,199,
199,199,199,199,199,199,199,199,199,199,199,199,199,199,199,199,199,199,199,199,199,199,199,0,0,0,0,0,0,0,0,0,0,0,0,0,0,0,0,0,199,199,199,199,199,199,199,199,199,199,199,199,199,199,199,199,199,199,199,
199,199,199,199,199,199,199,199,199,199,199,199,199,199,199,199,199,199,199,199,199,0,0,0,0,0,0,239,239,239,239,239,239,239,239,239,0,0,0,0,0,0,199,199,199,199,199,199,199,199,199,199,199,0,0,0,0,199,199,
199,199,199,199,199,199,199,199,199,199,199,199,199,199,199,199,199,199,199,0,0,0,0,239,239,239,239,239,239,239,239,239,239,239,239,239,239,239,239,239,0,0,0,0,199,199,199,199,199,199,199,0,0,0,0,0,0,0,199,
199,199,199,199,199,199,199,199,199,199,199,199,199,199,199,199,199,0,0,0,0,239,239,239,239,239,239,239,239,239,239,239,239,239,239,239,239,239,239,239,239,239,0,0,0,199,199,199,199,199,0,0,0,239,239,239,0,0,0,
199,199,199,199,199,199,199,199,199,199,199,199,199,199,199,199,0,0,0,239,239,239,239,239,239,239,239,239,239,239,239,239,239,239,239,239,239,239,239,239,239,239,239,239,0,0,199,199,199,0,0,0,239,239,239,239,239,0,0,
199,199,199,199,199,199,199,199,199,199,199,199,199,199,199,0,0,239,239,239,239,239,239,239,239,239,239,239,239,239,239,239,239,239,239,239,239,239,239,239,239,239,239,239,239,0,0,199,0,0,0,239,239,239,239,239,239,0,0,
199,199,199,199,199,199,199,199,199,199,199,199,199,199,0,0,239,239,239,239,239,239,239,239,239,239,239,239,239,239,239,239,239,239,239,239,239,239,239,239,239,239,239,239,239,239,0,0,0,0,239,239,239,239,239,239,239,0,0,
199,199,199,199,199,199,199,199,199,199,199,199,199,0,0,239,239,239,239,239,239,239,239,239,239,239,239,239,239,239,239,239,239,239,239,239,239,239,239,239,239,239,239,239,239,239,239,0,0,239,239,239,239,239,239,239,239,0,0,
199,199,199,199,199,199,199,199,199,199,199,199,0,0,239,239,239,239,239,239,239,239,239,239,239,239,239,239,239,239,239,239,239,239,239,239,239,239,239,239,239,239,239,239,239,239,239,0,0,239,239,239,239,239,239,239,239,0,0,
199,199,199,199,199,199,199,199,199,199,199,0,0,239,239,239,239,239,239,239,239,239,239,239,239,239,239,239,239,239,239,239,239,239,239,239,239,239,239,239,239,239,239,239,239,239,239,239,0,0,239,239,239,239,239,239,239,0,0,
199,199,199,199,199,199,199,199,199,199,199,0,0,239,239,239,239,239,239,239,239,239,239,239,239,239,239,239,239,239,239,239,239,239,239,239,239,239,239,239,239,239,239,239,239,239,239,239,0,0,239,239,239,239,239,239,239,0,0,
199,199,199,199,199,199,199,199,199,199,0,0,239,239,239,239,239,239,239,239,239,239,239,239,239,239,239,239,239,239,239,239,239,239,239,239,239,239,239,239,239,239,239,239,239,239,239,239,239,0,239,239,239,239,239,239,239,0,0,
199,199,199,199,199,199,199,199,199,199,0,0,0,0,239,239,239,239,239,239,239,239,239,239,239,239,239,239,239,239,239,239,239,239,239,239,239,239,239,239,239,239,239,239,239,239,239,239,239,239,239,239,239,239,239,239,239,0,0,
199,199,199,199,199,199,199,199,0,0,0,0,0,0,239,239,239,239,239,239,239,239,239,239,239,239,239,239,239,239,239,239,239,239,239,239,239,239,239,239,239,239,239,239,239,239,239,239,239,239,239,239,239,239,239,239,239,0,0,
199,199,199,199,199,199,0,0,0,0,239,239,239,239,239,239,239,239,239,239,239,239,239,239,239,239,239,207,0,0,0,0,207,239,239,207,0,0,0,0,207,239,239,239,239,239,239,239,239,239,239,239,239,239,239,239,0,0,0,
199,199,199,199,199,0,0,0,239,239,239,239,239,239,239,239,239,239,239,239,239,239,239,239,239,239,239,239,239,239,239,239,239,239,239,239,239,239,239,239,239,239,239,239,239,239,239,239,239,239,239,239,239,239,239,239,0,0,199,
199,199,199,199,0,0,0,239,239,239,239,239,239,239,239,239,239,239,239,239,239,239,239,239,239,239,239,239,239,239,239,239,239,239,239,239,239,239,239,239,239,239,239,239,239,239,239,239,239,239,239,239,239,239,239,239,0,0,199,
199,199,199,0,0,0,239,239,239,239,239,239,239,239,239,239,239,239,239,239,239,239,239,239,239,207,207,239,239,239,239,239,239,239,239,239,239,239,239,239,239,239,207,207,239,239,239,239,239,239,239,239,239,239,239,0,0,0,199,
199,199,0,0,0,239,239,239,239,239,239,239,239,239,239,239,239,239,239,239,239,239,239,239,239,239,239,207,239,239,239,239,239,239,239,239,239,239,239,239,239,207,239,239,239,239,239,239,239,239,239,239,239,239,239,0,0,199,199,
199,199,0,0,239,239,239,239,239,239,239,239,239,239,239,239,239,239,239,239,239,239,239,239,207,207,207,239,239,239,239,239,239,239,239,239,239,239,239,239,239,239,207,207,207,239,239,239,239,239,239,239,239,239,239,0,0,199,199,
199,0,0,0,239,239,239,239,239,239,239,239,239,239,239,239,239,239,239,239,239,239,239,239,239,239,239,239,239,239,239,0,0,0,0,0,0,0,239,239,239,239,239,239,239,239,239,239,239,239,239,239,0,239,0,0,199,199,199,
199,0,0,239,239,239,239,239,239,239,239,239,239,239,239,239,239,239,239,239,239,239,239,239,239,239,239,239,239,239,0,0,207,207,207,207,207,0,0,239,239,239,239,239,239,239,239,239,239,239,239,239,0,239,0,0,199,199,199,
199,0,0,239,239,239,239,239,239,239,239,239,239,239,239,239,239,239,239,239,239,239,239,239,239,239,239,239,239,239,0,207,207,207,207,207,207,207,0,239,239,239,239,239,239,239,239,239,239,239,239,239,0,0,0,199,199,199,199,
0,0,239,239,239,239,239,239,239,239,239,239,239,239,239,239,239,239,239,239,239,239,239,239,239,239,239,239,239,239,0,207,0,0,0,0,0,207,0,239,239,239,239,239,239,239,239,239,239,239,239,239,0,0,0,199,199,199,199,
0,0,239,239,239,239,239,239,239,239,239,239,239,239,239,239,239,239,239,239,239,239,239,239,239,239,239,239,239,239,0,0,207,239,239,239,207,0,0,239,239,239,239,239,239,239,239,239,239,239,239,239,0,0,199,199,199,199,199,
0,0,239,239,239,239,239,239,239,239,239,239,239,239,239,239,239,239,239,239,239,239,239,239,239,239,239,239,239,239,239,0,239,239,239,239,239,0,239,239,239,239,239,239,239,239,239,239,239,239,239,239,0,0,199,199,199,199,199,
0,0,239,239,239,239,239,239,239,239,239,239,239,239,239,239,239,239,239,239,239,239,239,239,239,239,239,239,239,239,239,239,0,239,239,239,0,239,239,239,239,239,239,239,239,239,239,239,239,239,239,239,0,0,199,199,199,199,199,
0,0,0,239,239,239,239,239,0,0,0,0,239,239,239,239,239,239,239,239,239,239,239,239,239,239,239,239,239,239,239,239,239,0,0,0,239,239,239,239,239,239,239,239,239,239,239,239,239,239,239,239,0,0,199,199,199,199,199,
199,0,0,0,0,0,0,0,0,0,0,0,239,239,239,239,239,239,239,239,239,239,239,239,239,239,239,239,239,239,239,239,239,239,239,239,239,239,239,239,239,239,239,239,239,239,239,239,239,239,239,239,0,0,199,199,199,199,199,
199,199,199,0,0,0,0,0,0,0,239,239,239,239,239,239,239,239,239,239,239,239,239,239,239,239,239,239,239,239,239,239,239,239,239,239,239,239,239,239,239,239,239,239,239,239,239,239,239,239,239,239,0,0,199,199,199,199,199,
199,199,199,199,199,199,199,199,0,0,239,239,239,239,239,239,239,239,239,239,239,239,239,239,239,239,239,239,239,239,239,239,239,239,239,239,239,239,239,239,239,239,239,239,239,239,239,239,239,239,239,0,0,199,199,199,199,199,199,
199,199,199,199,199,199,199,199,0,0,239,239,239,239,239,239,239,239,239,239,239,239,239,239,239,239,239,239,239,239,239,239,239,239,239,239,239,239,239,239,239,239,239,239,239,239,239,239,239,239,239,0,0,199,199,199,199,199,199,
199,199,199,199,199,199,199,199,0,0,239,239,239,239,239,239,239,239,239,239,239,239,239,239,239,239,239,239,239,239,239,239,239,239,239,239,239,239,239,239,239,239,239,239,239,239,239,239,239,239,207,0,0,199,199,199,199,199,199,
199,199,199,199,199,199,199,199,199,0,0,239,239,239,239,239,239,239,239,239,239,239,239,239,239,239,239,239,239,239,239,239,239,239,239,239,239,239,239,239,239,239,239,239,239,239,239,239,207,0,0,0,0,0,199,199,199,199,199,
199,199,199,199,199,199,199,199,199,0,0,239,239,239,239,239,239,239,239,239,239,239,239,239,239,239,239,239,239,239,239,239,239,239,239,239,239,239,239,239,239,239,239,239,239,239,239,0,0,0,0,0,0,0,0,0,199,199,199,
199,199,199,199,199,199,199,199,199,0,0,0,0,0,0,0,239,239,239,239,239,239,239,239,239,239,239,239,239,239,239,239,239,239,239,239,239,239,239,239,239,239,239,239,239,0,0,0,0,0,207,207,207,207,0,0,0,199,199,
199,199,199,199,199,199,199,199,0,0,0,0,0,0,0,0,0,0,239,239,239,239,239,239,239,239,239,239,239,239,239,239,239,239,239,239,239,239,239,239,239,239,239,239,0,0,0,0,207,207,207,207,207,207,207,0,0,0,199,
199,199,199,199,199,199,199,0,0,0,207,207,207,207,207,207,0,0,0,0,239,239,239,239,239,239,239,239,239,239,239,239,239,239,239,239,239,239,239,239,239,239,239,0,0,0,207,207,207,207,207,207,207,207,207,207,0,0,199,
199,199,199,199,199,199,199,0,0,207,207,207,207,207,207,207,207,207,0,0,0,239,239,239,239,239,239,239,239,239,239,239,239,239,239,239,239,239,239,239,239,239,0,0,0,207,207,207,207,207,207,207,207,207,207,207,207,0,0,
199,199,199,199,199,199,0,0,207,207,207,207,207,207,207,207,207,207,207,0,0,0,239,239,239,239,239,239,239,239,239,239,239,239,239,239,239,239,239,239,239,0,0,0,207,207,207,207,207,207,207,207,207,207,207,207,207,0,0,
199,199,199,199,199,199,0,0,207,207,207,207,207,207,207,207,207,207,207,207,0,0,0,239,239,239,239,239,239,239,239,239,239,239,239,239,239,239,239,239,239,0,0,207,207,207,207,207,207,207,207,207,207,207,207,207,207,0,0,
199,199,199,199,199,199,0,0,207,207,207,207,207,207,207,207,207,207,207,207,207,0,0,239,239,239,239,239,239,239,239,239,239,239,239,239,239,239,239,239,0,0,207,207,207,207,207,207,207,207,207,207,207,207,207,207,207,0,0,
199,199,199,199,199,199,0,0,207,207,207,207,207,207,207,207,207,207,207,207,207,207,0,0,239,239,239,239,239,239,239,239,239,239,239,239,239,239,239,239,0,0,207,207,207,207,207,207,207,207,207,207,207,207,207,207,207,0,0,
199,199,199,199,199,199,0,0,207,207,207,207,207,207,207,207,207,207,207,207,207,207,0,0,239,239,239,239,239,239,239,239,239,239,239,239,239,239,239,0,0,207,207,207,207,207,207,207,207,207,207,207,207,207,207,207,0,0,199,
199,199,199,199,199,199,199,0,0,207,207,207,207,207,207,207,207,207,207,207,207,207,207,0,0,239,239,239,239,239,239,239,239,239,239,239,239,239,239,0,0,207,207,207,207,207,207,207,207,207,207,207,207,207,207,207,0,0,199,
199,199,199,199,199,199,199,0,0,207,207,207,207,207,207,207,207,207,207,207,207,207,207,0,0,239,239,239,239,239,239,239,239,239,239,239,239,239,0,0,207,207,207,207,207,207,207,207,207,207,207,207,207,207,207,0,0,199,199,
199,199,199,199,199,199,199,199,0,0,207,207,207,207,207,207,207,207,207,207,207,207,207,207,0,0,239,239,239,239,239,239,239,239,239,239,239,239,0,0,207,207,207,207,207,207,207,207,207,207,207,207,207,207,0,0,0,199,199,
199,199,199,199,199,199,199,199,0,0,0,207,207,207,207,207,207,207,207,207,207,207,207,207,0,0,239,239,239,239,239,239,239,239,239,239,239,239,0,0,207,207,207,207,207,207,207,207,207,207,207,207,207,0,0,0,199,199,199,
199,199,199,199,199,199,199,199,199,0,0,0,207,207,207,207,207,207,207,207,207,207,207,207,0,0,207,239,239,239,239,239,239,239,239,239,239,207,0,0,207,207,207,207,207,207,207,207,207,207,207,207,0,0,0,199,199,199,199,
199,199,199,199,199,199,199,199,199,199,0,0,0,207,207,207,207,207,207,207,207,207,207,207,0,0,0,207,239,239,239,239,239,239,239,207,0,0,0,0,207,207,207,207,207,207,207,207,207,207,207,0,0,0,199,199,199,199,199,
199,199,199,199,199,199,199,199,199,199,199,0,0,0,0,207,207,207,207,207,207,207,207,0,0,0,0,0,0,0,0,0,0,0,0,0,0,0,0,0,0,0,207,207,207,207,207,207,207,0,0,0,0,199,199,199,199,199,199,
199,199,199,199,199,199,199,199,199,199,199,199,0,0,0,0,0,207,207,207,207,207,0,0,0,199,207,0,0,0,0,0,0,0,0,0,207,199,199,199,0,0,0,0,0,0,0,0,0,0,0,199,199,199,199,199,199,199,199,
199,199,199,199,199,199,199,199,199,199,199,199,199,199,0,0,0,0,0,0,0,0,0,0,199,199,199,199,199,199,199,199,199,199,199,199,199,199,199,199,199,199,0,0,0,0,0,0,0,199,199,199,199,199,199,199,199,199,199,
199,199,199,199,199,199,199,199,199,199,199,199,199,199,199,199,199,0,0,0,0,0,199,199,199,199,199,199,199,199,199,199,199,199,199,199,199,199,199,199,199,199,199,199,199,199,199,199,199,199,199,199,199,199,199,199,199,199,199,


kirbyTitle2: .word 62, 55, 0
.byte 199,199,199,199,199,199,199,199,199,199,199,199,199,199,199,199,199,199,199,199,199,199,199,199,199,199,199,0,0,0,0,0,0,0,0,0,199,199,199,199,199,199,199,199,199,199,199,199,199,199,199,199,199,199,199,199,199,199,199,199,199,199,
199,199,199,199,199,199,199,199,199,199,199,199,199,199,199,199,199,199,199,199,199,199,199,0,0,0,0,0,0,0,0,0,0,0,0,0,0,0,0,0,199,199,199,199,199,199,199,199,199,199,199,199,199,199,199,199,199,199,199,199,199,199,
199,199,199,199,199,199,199,199,199,199,199,199,199,199,199,199,199,199,199,199,199,0,0,0,0,0,0,239,239,239,239,239,239,239,239,239,0,0,0,0,0,0,199,199,199,199,199,199,199,199,199,199,199,199,199,199,199,199,199,199,199,199,
199,199,199,199,199,199,199,199,199,199,199,199,199,199,199,199,199,199,199,0,0,0,0,239,239,239,239,239,239,239,239,239,239,239,239,239,239,239,239,239,0,0,0,0,199,199,199,199,199,199,199,199,199,199,199,199,199,199,199,199,199,199,
199,199,199,199,199,199,199,199,199,199,199,199,199,199,199,199,199,0,0,0,0,239,239,239,239,239,239,239,239,239,239,239,239,239,239,239,239,239,239,239,239,239,0,0,0,199,199,199,199,199,199,199,199,199,199,199,199,199,199,199,199,199,
199,199,199,199,199,199,199,199,199,199,199,199,199,199,199,199,0,0,0,239,239,239,239,239,239,239,239,239,239,239,239,239,239,239,239,239,239,239,239,239,239,239,239,239,0,0,199,199,199,199,199,199,199,199,199,199,199,199,199,199,199,199,
199,199,199,199,199,199,199,199,199,199,199,199,199,199,199,0,0,239,239,239,239,239,239,239,239,239,239,239,239,239,239,239,239,239,239,239,239,239,239,239,239,239,239,239,239,0,0,199,199,199,199,199,199,199,199,0,0,0,199,199,199,199,
199,199,199,199,199,199,199,199,199,199,199,199,199,199,0,0,239,239,239,239,239,239,239,239,239,239,239,239,239,239,239,239,239,239,239,239,239,239,239,239,239,239,239,239,239,239,0,0,199,199,199,199,199,0,0,0,0,0,0,0,199,199,
199,199,199,199,199,199,199,199,199,199,199,199,199,0,0,239,239,239,239,239,239,239,239,239,239,239,239,239,239,239,239,239,239,239,239,239,239,239,239,239,239,239,239,239,239,239,239,0,0,199,199,0,0,0,0,239,239,239,239,0,0,199,
199,199,199,199,199,199,199,199,199,199,199,199,0,0,239,239,239,239,239,239,239,239,239,239,239,239,239,239,239,239,239,239,239,239,239,239,239,239,239,239,239,239,239,239,239,239,239,0,0,199,0,0,0,239,239,239,239,239,239,239,0,199,
199,199,199,199,199,199,199,199,199,199,199,0,0,239,239,239,239,239,239,239,239,239,239,239,239,239,239,239,239,239,207,0,207,239,239,239,207,0,207,239,239,239,239,239,239,239,239,239,0,0,0,239,239,239,239,239,239,239,239,239,0,0,
199,199,199,199,199,199,199,199,199,199,199,0,0,239,239,239,239,239,239,239,239,239,239,239,239,239,239,239,239,239,0,0,0,239,239,239,0,0,0,239,239,239,239,239,239,239,239,239,0,0,239,239,239,239,239,239,239,239,239,239,0,0,
199,199,199,199,199,199,199,199,199,199,0,0,239,239,239,239,239,239,239,239,239,239,239,239,239,239,239,239,239,239,0,239,0,239,239,239,0,239,0,239,239,239,239,239,239,239,239,239,239,0,239,239,239,239,239,239,239,239,239,239,0,0,
199,199,199,199,199,199,199,199,199,199,0,0,0,0,239,239,239,239,239,239,239,239,239,239,239,239,239,239,239,239,0,239,0,239,239,239,0,239,0,239,239,239,239,239,239,239,239,239,239,239,239,239,239,239,239,239,239,239,239,239,0,0,
199,199,199,199,199,199,199,199,0,0,0,0,0,0,239,239,239,239,239,239,239,239,239,239,239,239,239,239,239,239,0,0,0,239,239,239,0,0,0,239,239,239,239,239,239,239,239,239,239,239,239,239,239,239,239,239,239,239,239,239,0,199,
199,199,199,199,199,199,0,0,0,0,239,239,239,239,239,239,239,239,239,239,239,239,239,239,239,239,239,239,239,239,0,0,0,239,239,239,0,0,0,239,239,239,239,239,239,239,239,239,239,239,239,239,239,239,239,239,239,239,239,0,0,199,
199,199,199,199,199,0,0,0,239,239,239,239,239,239,239,239,239,239,239,239,239,239,239,239,239,239,239,239,239,239,0,0,0,239,239,239,0,0,0,239,239,239,239,239,239,239,239,239,239,239,239,239,239,239,239,239,239,239,239,0,0,199,
199,199,199,199,0,0,0,239,239,239,239,239,239,239,239,239,239,239,239,239,239,239,239,239,239,239,239,239,239,239,0,0,0,239,239,239,0,0,0,239,239,239,239,239,239,239,239,239,239,239,239,239,239,239,239,239,239,239,0,0,199,199,
199,199,199,0,0,0,239,239,239,239,239,239,239,239,239,239,239,239,239,239,239,239,239,239,239,207,207,239,239,239,207,0,207,239,239,239,207,0,207,239,239,239,207,207,239,239,239,239,239,239,239,239,239,239,239,239,239,239,0,0,199,199,
199,199,0,0,0,239,239,239,239,239,239,239,239,239,239,239,239,239,239,239,239,239,239,239,239,239,239,207,239,239,239,239,239,239,239,239,239,239,239,239,239,207,239,239,239,239,239,239,239,239,239,239,239,239,239,239,239,0,0,199,199,199,
199,199,0,0,239,239,239,239,239,239,239,239,239,239,239,239,239,239,239,239,239,239,239,239,207,207,207,239,239,239,239,239,239,239,239,239,239,239,239,239,239,239,207,207,207,239,239,239,239,239,239,239,239,239,239,239,0,0,0,199,199,199,
199,0,0,0,239,239,239,239,239,239,239,239,239,239,239,239,239,239,239,239,239,239,239,239,239,239,239,239,239,239,239,0,0,0,0,0,0,0,239,239,239,239,239,239,239,239,239,239,239,239,239,239,0,239,239,0,0,0,199,199,199,199,
199,0,0,239,239,239,239,239,239,239,239,239,239,239,239,239,239,239,239,239,239,239,239,239,239,239,239,239,239,239,0,0,207,207,207,207,207,0,0,239,239,239,239,239,239,239,239,239,239,239,239,239,0,239,0,0,0,199,199,199,199,199,
199,0,0,239,239,239,239,239,239,239,239,239,239,239,239,239,239,239,239,239,239,239,239,239,239,239,239,239,239,239,0,207,207,207,207,207,207,207,0,239,239,239,239,239,239,239,239,239,239,239,239,239,0,0,0,0,199,199,199,199,199,199,
0,0,239,239,239,239,239,239,239,239,239,239,239,239,239,239,239,239,239,239,239,239,239,239,239,239,239,239,239,239,0,207,0,0,0,0,0,207,0,239,239,239,239,239,239,239,239,239,239,239,239,239,0,0,0,199,199,199,199,199,199,199,
0,0,239,239,239,239,239,239,239,239,239,239,239,239,239,239,239,239,239,239,239,239,239,239,239,239,239,239,239,239,0,0,207,239,239,239,207,0,0,239,239,239,239,239,239,239,239,239,239,239,239,239,0,0,199,199,199,199,199,199,199,199,
0,0,239,239,239,239,239,239,239,239,239,239,239,239,239,239,239,239,239,239,239,239,239,239,239,239,239,239,239,239,239,0,239,239,239,239,239,0,239,239,239,239,239,239,239,239,239,239,239,239,239,239,0,0,199,199,199,199,199,199,199,199,
0,0,239,239,239,239,239,239,239,239,239,239,239,239,239,239,239,239,239,239,239,239,239,239,239,239,239,239,239,239,239,239,0,239,239,239,0,239,239,239,239,239,239,239,239,239,239,239,239,239,239,239,0,0,199,199,199,199,199,199,199,199,
0,0,0,239,239,239,239,239,0,0,0,0,239,239,239,239,239,239,239,239,239,239,239,239,239,239,239,239,239,239,239,239,239,0,0,0,239,239,239,239,239,239,239,239,239,239,239,239,239,239,239,239,0,0,199,199,199,199,199,199,199,199,
199,0,0,0,0,0,0,0,0,0,0,0,239,239,239,239,239,239,239,239,239,239,239,239,239,239,239,239,239,239,239,239,239,239,239,239,239,239,239,239,239,239,239,239,239,239,239,239,239,239,239,239,0,0,199,199,199,199,199,199,199,199,
199,199,199,0,0,0,0,0,0,0,239,239,239,239,239,239,239,239,239,239,239,239,239,239,239,239,239,239,239,239,239,239,239,239,239,239,239,239,239,239,239,239,239,239,239,239,239,239,239,239,239,239,0,0,199,199,199,199,199,199,199,199,
199,199,199,199,199,199,199,199,0,0,239,239,239,239,239,239,239,239,239,239,239,239,239,239,239,239,239,239,239,239,239,239,239,239,239,239,239,239,239,239,239,239,239,239,239,239,239,239,239,239,239,0,0,199,199,199,199,199,199,199,199,199,
199,199,199,199,199,199,199,199,0,0,239,239,239,239,239,239,239,239,239,239,239,239,239,239,239,239,239,239,239,239,239,239,239,239,239,239,239,239,239,239,239,239,239,239,239,239,239,239,239,239,239,0,0,199,199,199,199,199,199,199,199,199,
199,199,199,199,199,199,199,199,0,0,239,239,239,239,239,239,239,239,239,239,239,239,239,239,239,239,239,239,239,239,239,239,239,239,239,239,239,239,239,239,239,239,239,239,239,239,239,239,239,239,207,0,0,199,199,199,199,199,199,199,199,199,
199,199,199,199,199,199,199,199,199,0,0,239,239,239,239,239,239,239,239,239,239,239,239,239,239,239,239,239,239,239,239,239,239,239,239,239,239,239,239,239,239,239,239,239,239,239,239,239,207,0,0,0,0,0,199,199,199,199,199,199,199,199,
199,199,199,199,199,199,199,199,199,0,0,239,239,239,239,239,239,239,239,239,239,239,239,239,239,239,239,239,239,239,239,239,239,239,239,239,239,239,239,239,239,239,239,239,239,239,239,0,0,0,0,0,0,0,0,0,199,199,199,199,199,199,
199,199,199,199,199,199,199,199,199,0,0,0,0,0,0,0,239,239,239,239,239,239,239,239,239,239,239,239,239,239,239,239,239,239,239,239,239,239,239,239,239,239,239,239,239,0,0,0,0,0,207,207,207,207,0,0,0,199,199,199,199,199,
199,199,199,199,199,199,199,199,0,0,0,0,0,0,0,0,0,0,239,239,239,239,239,239,239,239,239,239,239,239,239,239,239,239,239,239,239,239,239,239,239,239,239,239,0,0,0,0,207,207,207,207,207,207,207,0,0,0,199,199,199,199,
199,199,199,199,199,199,199,0,0,0,207,207,207,207,207,207,0,0,0,0,239,239,239,239,239,239,239,239,239,239,239,239,239,239,239,239,239,239,239,239,239,239,239,0,0,0,207,207,207,207,207,207,207,207,207,207,0,0,199,199,199,199,
199,199,199,199,199,199,199,0,0,207,207,207,207,207,207,207,207,207,0,0,0,239,239,239,239,239,239,239,239,239,239,239,239,239,239,239,239,239,239,239,239,239,0,0,0,207,207,207,207,207,207,207,207,207,207,207,207,0,0,199,199,199,
199,199,199,199,199,199,0,0,207,207,207,207,207,207,207,207,207,207,207,0,0,0,239,239,239,239,239,239,239,239,239,239,239,239,239,239,239,239,239,239,239,0,0,0,207,207,207,207,207,207,207,207,207,207,207,207,207,0,0,199,199,199,
199,199,199,199,199,199,0,0,207,207,207,207,207,207,207,207,207,207,207,207,0,0,0,239,239,239,239,239,239,239,239,239,239,239,239,239,239,239,239,239,239,0,0,207,207,207,207,207,207,207,207,207,207,207,207,207,207,0,0,199,199,199,
199,199,199,199,199,199,0,0,207,207,207,207,207,207,207,207,207,207,207,207,207,0,0,239,239,239,239,239,239,239,239,239,239,239,239,239,239,239,239,239,0,0,207,207,207,207,207,207,207,207,207,207,207,207,207,207,207,0,0,199,199,199,
199,199,199,199,199,199,0,0,207,207,207,207,207,207,207,207,207,207,207,207,207,207,0,0,239,239,239,239,239,239,239,239,239,239,239,239,239,239,239,239,0,0,207,207,207,207,207,207,207,207,207,207,207,207,207,207,207,0,0,199,199,199,
199,199,199,199,199,199,0,0,207,207,207,207,207,207,207,207,207,207,207,207,207,207,0,0,239,239,239,239,239,239,239,239,239,239,239,239,239,239,239,0,0,207,207,207,207,207,207,207,207,207,207,207,207,207,207,207,0,0,199,199,199,199,
199,199,199,199,199,199,199,0,0,207,207,207,207,207,207,207,207,207,207,207,207,207,207,0,0,239,239,239,239,239,239,239,239,239,239,239,239,239,239,0,0,207,207,207,207,207,207,207,207,207,207,207,207,207,207,207,0,0,199,199,199,199,
199,199,199,199,199,199,199,0,0,207,207,207,207,207,207,207,207,207,207,207,207,207,207,0,0,239,239,239,239,239,239,239,239,239,239,239,239,239,0,0,207,207,207,207,207,207,207,207,207,207,207,207,207,207,207,0,0,199,199,199,199,199,
199,199,199,199,199,199,199,199,0,0,207,207,207,207,207,207,207,207,207,207,207,207,207,207,0,0,239,239,239,239,239,239,239,239,239,239,239,239,0,0,207,207,207,207,207,207,207,207,207,207,207,207,207,207,0,0,0,199,199,199,199,199,
199,199,199,199,199,199,199,199,0,0,0,207,207,207,207,207,207,207,207,207,207,207,207,207,0,0,239,239,239,239,239,239,239,239,239,239,239,239,0,0,207,207,207,207,207,207,207,207,207,207,207,207,207,0,0,0,199,199,199,199,199,199,
199,199,199,199,199,199,199,199,199,0,0,0,207,207,207,207,207,207,207,207,207,207,207,207,0,0,207,239,239,239,239,239,239,239,239,239,239,207,0,0,207,207,207,207,207,207,207,207,207,207,207,207,0,0,0,199,199,199,199,199,199,199,
199,199,199,199,199,199,199,199,199,199,0,0,0,207,207,207,207,207,207,207,207,207,207,207,0,0,0,207,239,239,239,239,239,239,239,207,0,0,0,0,207,207,207,207,207,207,207,207,207,207,207,0,0,0,199,199,199,199,199,199,199,199,
199,199,199,199,199,199,199,199,199,199,199,0,0,0,0,207,207,207,207,207,207,207,207,0,0,0,0,0,0,0,0,0,0,0,0,0,0,0,0,0,0,0,207,207,207,207,207,207,207,0,0,0,0,199,199,199,199,199,199,199,199,199,
199,199,199,199,199,199,199,199,199,199,199,199,0,0,0,0,0,207,207,207,207,207,0,0,0,199,207,0,0,0,0,0,0,0,0,0,207,199,199,199,0,0,0,0,0,0,0,0,0,0,0,199,199,199,199,199,199,199,199,199,199,199,
199,199,199,199,199,199,199,199,199,199,199,199,199,199,0,0,0,0,0,0,0,0,0,0,199,199,199,199,199,199,199,199,199,199,199,199,199,199,199,199,199,199,0,0,0,0,0,0,0,199,199,199,199,199,199,199,199,199,199,199,199,199,
199,199,199,199,199,199,199,199,199,199,199,199,199,199,199,199,199,0,0,0,0,0,199,199,199,199,199,199,199,199,199,199,199,199,199,199,199,199,199,199,199,199,199,199,199,199,199,199,199,199,199,199,199,199,199,199,199,199,199,199,199,199,


mediumStarTitle: .word 22, 23, 0
.byte 255,255,255,255,255,255,255,255,255,255,0,0,255,255,255,255,255,255,255,255,255,255,
255,255,255,255,255,255,255,255,255,0,119,119,0,255,255,255,255,255,255,255,255,255,
255,255,255,255,255,255,255,255,255,0,119,119,0,255,255,255,255,255,255,255,255,255,
255,255,255,255,255,255,255,255,0,119,119,119,119,0,255,255,255,255,255,255,255,255,
255,255,255,255,255,255,255,255,0,119,119,119,119,0,255,255,255,255,255,255,255,255,
255,255,255,255,255,255,255,0,119,119,119,119,119,119,0,255,255,255,255,255,255,255,
255,255,255,255,255,255,255,0,119,119,119,119,119,119,0,255,255,255,255,255,255,255,
255,0,0,0,0,0,0,119,119,119,119,119,119,119,119,0,0,0,0,0,0,255,
0,119,119,119,119,119,119,119,119,119,119,119,119,119,119,119,119,119,119,119,119,0,
0,119,119,119,119,119,119,119,119,119,119,119,119,119,119,119,119,119,119,119,119,0,
255,0,119,119,119,119,119,119,119,119,119,119,119,119,119,119,119,119,119,119,0,255,
255,255,0,119,119,119,119,119,119,119,119,119,119,119,119,119,119,119,119,0,255,255,
255,255,255,0,119,119,119,119,119,119,119,119,119,119,119,119,119,119,0,255,255,255,
255,255,255,255,0,119,119,119,119,119,119,119,119,119,119,119,119,0,255,255,255,255,
255,255,255,255,0,119,119,119,119,119,119,119,119,119,119,119,119,0,255,255,255,255,
255,255,255,0,119,119,119,119,119,119,119,119,119,119,119,119,119,119,0,255,255,255,
255,255,255,0,119,119,119,119,119,119,119,119,119,119,119,119,119,119,0,255,255,255,
255,255,0,119,119,119,119,119,119,119,0,0,119,119,119,119,119,119,119,0,255,255,
255,255,0,119,119,119,119,119,119,0,255,255,0,119,119,119,119,119,119,0,255,255,
255,0,119,119,119,119,119,0,0,255,255,255,255,0,0,119,119,119,119,119,0,255,
255,0,119,119,119,119,0,255,255,255,255,255,255,255,255,0,119,119,119,119,0,255,
255,0,119,119,0,0,255,255,255,255,255,255,255,255,255,255,0,0,119,119,0,255,
255,255,0,0,255,255,255,255,255,255,255,255,255,255,255,255,255,255,0,0,255,255,


smallStarTitle: .word 14, 16, 0
.byte 255,255,255,255,255,255,239,239,255,255,255,255,255,255,
255,255,255,255,255,255,239,239,255,255,255,255,255,255,
255,255,255,255,255,239,239,239,239,255,255,255,255,255,
255,255,255,255,255,239,239,239,239,255,255,255,255,255,
255,255,255,255,255,239,239,239,239,255,255,255,255,255,
239,239,239,239,239,239,239,239,239,239,239,239,239,239,
255,239,239,239,239,239,239,239,239,239,239,239,239,255,
255,255,239,239,239,239,239,239,239,239,239,239,255,255,
255,255,255,239,239,239,239,239,239,239,239,255,255,255,
255,255,255,239,239,239,239,239,239,239,239,255,255,255,
255,255,255,239,239,239,239,239,239,239,239,255,255,255,
255,255,239,239,239,239,239,239,239,239,239,239,255,255,
255,255,239,239,239,239,239,239,239,239,239,239,255,255,
255,239,239,239,239,239,255,255,239,239,239,239,239,255,
255,239,239,239,255,255,255,255,255,255,239,239,239,255,
239,239,255,255,255,255,255,255,255,255,255,255,239,239,
