eye0: .word 8, 16
.half -24, -8
.byte 199,199,38,0,38,199,199,199,
199,38,0,0,0,38,199,199,
199,0,0,0,0,0,199,199,
38,0,0,0,0,0,38,199,
38,0,0,0,0,0,38,199,
0,0,0,0,0,0,0,199,
0,0,0,0,0,0,0,199,
0,0,0,0,0,0,0,199,
0,0,0,0,0,0,0,199,
0,0,0,0,0,0,0,199,
0,0,0,0,0,0,0,199,
38,0,0,0,0,0,38,199,
38,0,0,0,0,0,38,199,
199,0,0,0,0,0,199,199,
199,38,0,0,0,38,199,199,
199,199,38,0,38,199,199,199,


eye1: .word 8, 12
.half -24, -8
.byte 199,199,38,38,38,199,199,199,
199,38,0,0,0,38,199,199,
199,0,0,0,0,0,199,199,
38,0,0,0,0,0,38,199,
0,0,0,0,0,0,0,199,
0,0,0,0,0,0,0,199,
0,0,0,0,0,0,0,199,
0,0,0,0,0,0,0,199,
38,0,0,0,0,0,38,199,
199,0,0,0,0,0,199,199,
199,38,0,0,0,38,199,199,
199,199,38,38,38,199,199,199,


eye2: .word 8, 1
.half -24, -8
.byte 38,0,0,0,0,0,0,38,


eye3: .word 8, 7
.half -24, -8
.byte 199,38,38,199,199,199,38,38,
38,199,199,199,38,0,0,0,
199,199,38,0,0,0,0,0,
199,38,0,0,0,0,0,0,
38,0,0,0,0,0,0,0,
38,0,0,0,0,38,38,199,
38,38,38,199,199,199,199,199,


mouth0: .word 16, 16
.half -24, -8
.byte 199,199,199,199,199,199,199,199,199,199,199,199,38,38,199,199,
199,199,199,199,199,0,183,199,199,199,199,38,183,183,199,199,
199,199,199,0,0,38,183,199,199,199,38,183,183,183,199,199,
199,0,0,38,183,183,183,199,199,38,183,183,183,183,199,199,
0,38,183,183,183,183,183,199,199,38,183,183,183,183,199,199,
0,38,183,183,183,183,183,199,38,183,183,183,183,183,199,199,
199,0,38,183,183,183,183,199,38,183,183,183,183,183,199,199,
199,0,0,183,183,183,183,199,38,183,183,183,183,183,199,199,
199,0,0,38,183,183,183,199,38,183,183,183,183,183,199,199,
199,0,0,0,183,183,183,199,38,183,183,183,183,183,199,199,
199,0,0,0,183,183,183,199,38,183,183,183,183,183,199,199,
0,0,0,38,183,183,183,199,199,38,183,183,183,183,199,199,
0,38,183,183,183,183,183,199,199,38,183,183,183,183,199,199,
199,0,0,38,38,183,183,199,199,199,38,183,183,183,199,199,
199,199,199,0,0,0,38,199,199,199,199,38,183,183,199,199,
199,199,199,199,199,199,199,199,199,199,199,199,38,38,199,199,


mouth1: .word 16, 7
.half -24, -8
.byte 199,38,38,199,199,199,38,38,38,199,199,199,38,38,199,199,
38,199,199,199,38,0,0,0,0,0,38,199,199,199,38,199,
199,199,38,0,0,0,0,0,0,0,0,0,38,199,199,199,
199,38,0,0,0,0,0,0,0,0,0,0,0,38,199,199,
38,0,0,0,0,0,0,0,0,0,0,0,0,0,38,199,
38,0,0,0,0,38,38,199,38,38,0,0,0,0,38,199,
38,38,38,199,199,199,199,199,199,199,199,199,38,38,38,199,


tear: .word 8, 10
.half -24, -8
.byte 199,199,199,255,199,199,199,199,
199,199,199,255,199,199,199,199,
199,199,199,255,199,199,199,199,
199,199,255,255,255,199,199,199,
199,199,255,255,255,199,199,199,
199,255,255,255,255,255,199,199,
199,255,255,255,255,255,199,199,
20,199,255,255,255,199,20,199,
199,20,199,199,199,20,199,199,
199,199,20,20,20,199,199,199,


