Col3: .word 16, 16
.byte 56,56,56,56,56,56,56,56,56,56,56,56,56,56,56,56,
56,56,56,56,56,56,56,56,56,56,56,56,56,56,56,56,
56,56,56,56,56,56,56,56,56,56,56,56,56,56,56,56,
56,56,56,56,56,56,56,56,56,56,56,56,56,56,56,56,
56,56,56,56,56,56,56,56,56,56,56,56,56,56,56,56,
56,56,56,56,56,56,56,56,56,56,56,56,56,56,56,56,
56,56,56,56,56,56,56,56,56,56,56,56,56,56,56,56,
56,56,56,56,56,56,56,56,56,56,56,56,56,56,56,56,
56,56,56,56,56,56,56,56,56,56,56,56,56,56,56,56,
56,56,56,56,56,56,56,56,56,56,56,56,56,56,56,56,
56,56,56,56,56,56,56,56,56,56,56,56,56,56,56,56,
56,56,56,56,56,56,56,56,56,56,56,56,56,56,56,56,
56,56,56,56,56,56,56,56,56,56,56,56,56,56,56,56,
56,56,56,56,56,56,56,56,56,56,56,56,56,56,56,56,
56,56,56,56,56,56,56,56,56,56,56,56,56,56,56,56,
56,56,56,56,56,56,56,56,56,56,56,56,56,56,56,56,


