.data

# Numero de Notas a tocar

Duracao1: .word 269,


# lista de nota,duracao,nota,duracao,nota,duracao,...

Notas1: .half 79,323,77,161,76,161,74,161,71,161,67,323,72,161,74,161,76,161,77,161,74,646,84,646,79,646,76,323,74,323,72,646,72,323,74,323,76,323,72,323,71,323,72,323,67,646,84,646,79,646,76,323,74,323,72,323,72,161,74,161,76,323,77,323,74,323,71,323,72,323,67,323,72,646,84,646,79,646,76,323,74,323,72,646,72,323,74,323,76,323,72,323,71,323,72,323,67,646,84,646,79,646,76,323,77,323,79,323,72,323,74,323,77,323,74,323,71,323,72,1292,53,323,53,323,57,323,60,323,64,323,62,323,60,323,55,323,53,323,53,323,57,323,60,323,64,323,65,323,67,646,81,484,79,161,77,323,76,161,77,161,79,323,72,323,79,646,77,242,77,80,77,161,76,161,74,323,76,161,77,161,76,323,77,323,79,323,76,323,53,323,53,323,57,323,60,323,64,323,62,323,60,323,55,323,53,323,53,323,57,323,60,323,64,323,65,323,67,646,81,484,79,161,77,161,77,80,77,80,81,161,83,161,84,323,79,323,76,323,72,323,74,242,74,80,74,161,77,161,74,161,71,161,67,161,71,161,72,969,71,323, 72,161,72,80,72,80,72,161,74,161,76,161,76,80,76,80,74,161,72,161,71,161,71,80,71,80,71,161,72,161,71,484,72,80,71,80,69,161,69,80,69,80,69,161,71,161,72,161,72,80,72,80,71,161,69,161,67,161,67,80,67,80,67,161,69,161,71,484,69,80,67,80,65,161,65,80,65,80,65,161,67,161,69,161,69,80,69,80,67,161,65,161,64,161,64,80,67,80,72,161,74,161,72,323,67,323,72,161,72,80,72,80,72,161,74,161,75,161,75,80,75,80,77,161,75,161,74,161,74,80,74,80,74,161,75,161,74,484,76,80,74,80,72,161,72,80,72,80,72,161,74,161,76,161,76,80,76,80,74,161,72,161,71,161,71,80,71,80,71,161,72,161,71,484,72,80,71,80,69,161,69,80,69,80,69,161,71,161,72,161,72,80,72,80,71,161,69,161,67,161,67,80,67,80,67,161,69,161,71,484,69,80,67,80,65,161,65,80,65,80,65,161,67,161,69,161,69,80,69,80,72,161,74,161,76,161,76,80,76,80,76,161,79,161,76,161,76,161,74,161,72,161,71,161,74,161,76,161,71,161,74,161,76,161,71,161,74,161,71,161,74,161,76,161,81,161,80,323
