.data

# Numero de Notas a tocar

Duracao1: .word 174,


# lista de nota,duracao,nota,duracao,nota,duracao,...

Notas1: .half 53,183,60,183,67,183,69,183,65,183,48,183,52,183,59,183,66,183,67,183,64,183,47,183,50,183,57,183,64,183,65,183,62,183,47,183,52,183,59,183,66,183,69,183,67,183,52,183,53,183,60,183,67,183,69,183,65,183,48,183,52,183,59,183,66,183,67,183,64,183,47,183,50,183,57,183,64,183,65,183,62,183,60,183,67,183,62,183,55,183,57,183,58,183,59,183,64,549,65,183,67,366,62,1098,60,549,62,183,63,366,58,1098,60,366,62,366,63,366,72,366,70,366,68,366,67,1098,62,1098,64,549,65,183,67,366,62,1098,60,549,62,183,63,366,58,1098,60,366,62,366,63,366,62,732,55,366,60,2196,76,183,76,183,72,183,72,183,69,183,69,183,72,183,72,183,69,183,69,183,76,183,76,183,74,183,74,183,71,183,71,183,67,183,67,183,71,183,71,183,67,183,67,183,74,183,74,183,72,183,72,183,69,183,69,183,65,183,65,183,69,183,69,183,65,183,65,183,72,183,72,183,71,183,71,183,67,183,67,183,64,183,64,183,67,183,67,183,64,183,64,183,70,183,70,183,76,183,76,183,72,183,72,183,69,183,69,183,72,183,72,183,69,183,69,183,76,183,76,183,74,183,74,183,71,183,71,183,67,183,67,183,71,183,71,183,67,183,67,183,74,183,74,183,72,183,72,183,69,183,69,183,65,183,65,183,69,183,69,183,65,183,65,183,74,183,74,183,72,183,72,183,69,183,69,183,72,183,72,183,79,183,74,183,78,183,81,183,79,183,60,183

.text