.data

# Numero de Notas a tocar

Duracao1: .word 87,


# lista de nota,duracao,nota,duracao,nota,duracao,...

Notas1: .half 79,249,79,83,84,998,84,249,88,83,91,166,96,166,95,166,93,166,91,333,88,249,91,83,89,333,86,249,88,83,86,333,88,249,86,83,84,998,79,249,79,83,84,998,84,249,88,83,91,166,96,166,95,166,93,166,91,333,88,249,91,83,89,333,86,249,88,83,86,333,88,249,86,83,84,1331,84,249,84,83,86,166,88,333,84,166,86,166,84,166,72,328,71,246,72,82,74,328,72,246,74,82,76,328,74,246,76,82,69,328,69,246,71,82,72,328,71,246,72,82,74,328,72,246,74,82,76,656,81,328,81,246,83,82,84,328,83,246,84,82,86,328,84,246,86,82,88,328,86,246,88,82,81,328,81,246,83,82,84,328,83,246,84,82,86,328,84,246,86,82,83,656,88,656

.text