menuHp0: .word 14, 8
.byte 183,183,183,183,183,183,183,183,183,183,183,183,183,183,
0,0,183,183,183,183,183,183,183,183,183,183,183,183,183,183,
183,183,183,183,183,183,183,183,38,38,183,183,183,183,183,183,
183,183,183,183,183,183,183,183,38,38,183,183,183,183,183,183,
183,183,183,183,183,183,183,183,38,38,183,183,183,183,183,183,
183,183,183,183,183,183,183,183,38,38,183,183,183,183,183,183,
183,183,183,183,183,183,183,183,183,183,183,183,183,183,183,183,
183,183,183,183,183,183,183,183,183,183,183,183,183,183,183,183,
183,183,

